구분,대인,소인,계
2007-01-01,0,0,0
2007-01-02,59,34,93
2007-01-03,55,85,140
2007-01-04,70,116,186
2007-01-05,82,75,157
2007-01-06,130,129,259
2007-01-07,165,116,281
2007-01-08,0,0,0
2007-01-09,63,276,339
2007-01-10,43,132,175
2007-01-11,47,147,194
2007-01-12,83,151,234
2007-01-13,117,162,279
2007-01-14,192,72,264
2007-01-15,0,0,0
2007-01-16,55,41,96
2007-01-17,82,80,162
2007-01-18,56,110,166
2007-01-19,51,74,125
2007-01-20,165,123,288
2007-01-21,219,171,390
2007-01-22,0,0,0
2007-01-23,44,74,118
2007-01-24,55,35,90
2007-01-25,42,50,92
2007-01-26,30,247,277
2007-01-27,0,884,884
2007-01-28,185,95,280
2007-01-29,0,0,0
2007-01-30,68,105,173
2007-01-31,90,126,216
2007-02-01,25,42,67
2007-02-02,28,147,175
2007-02-03,250,533,783
2007-02-04,333,482,815
2007-02-05,0,0,0
2007-02-06,57,83,140
2007-02-07,54,46,100
2007-02-08,46,204,250
2007-02-09,34,92,126
2007-02-10,104,269,373
2007-02-11,212,136,348
2007-02-12,0,0,0
2007-02-13,19,55,74
2007-02-14,32,33,65
2007-02-15,41,34,75
2007-02-16,12,30,42
2007-02-17,131,506,637
2007-02-18,180,638,818
2007-02-19,152,564,716
2007-02-20,36,38,74
2007-02-21,41,26,67
2007-02-22,28,31,59
2007-02-23,60,44,104
2007-02-24,0,1333,1333
2007-02-25,139,114,253
2007-02-26,0,0,0
2007-02-27,37,339,376
2007-02-28,56,127,183
2007-03-01,167,139,306
2007-03-02,23,30,53
2007-03-03,138,134,272
2007-03-04,440,158,598
2007-03-05,0,0,0
2007-03-06,12,25,37
2007-03-07,6,20,26
2007-03-08,4,77,81
2007-03-09,13,37,50
2007-03-10,110,487,597
2007-03-11,156,98,254
2007-03-12,0,0,0
2007-03-13,5,25,30
2007-03-14,12,42,54
2007-03-15,6,35,41
2007-03-16,55,46,101
2007-03-17,69,72,141
2007-03-18,119,88,207
2007-03-19,0,0,0
2007-03-20,5,11,16
2007-03-21,20,42,62
2007-03-22,51,25,76
2007-03-23,110,32,142
2007-03-24,0,697,697
2007-03-25,254,157,411
2007-03-26,0,0,0
2007-03-27,40,18,58
2007-03-28,56,17,73
2007-03-29,9,32,41
2007-03-30,53,22,75
2007-03-31,111,65,176
2007-04-01,213,86,299
2007-04-02,0,0,0
2007-04-03,10,18,28
2007-04-04,20,15,35
2007-04-05,43,17,60
2007-04-06,11,16,27
2007-04-07,129,340,469
2007-04-08,166,59,225
2007-04-09,0,0,0
2007-04-10,36,189,225
2007-04-11,172,55,227
2007-04-12,14,49,63
2007-04-13,60,84,144
2007-04-14,134,379,513
2007-04-15,168,79,247
2007-04-16,0,0,0
2007-04-17,157,38,195
2007-04-18,25,47,72
2007-04-19,25,119,144
2007-04-20,30,94,124
2007-04-21,195,1277,1472
2007-04-22,185,74,259
2007-04-23,0,0,0
2007-04-24,350,91,441
2007-04-25,257,16,273
2007-04-26,42,175,217
2007-04-27,240,162,402
2007-04-28,0,945,945
2007-04-29,201,74,275
2007-04-30,0,0,0
2007-05-01,351,36,387
2007-05-02,159,171,330
2007-05-03,28,155,183
2007-05-04,154,64,218
2007-05-05,901,4808,5709
2007-05-06,123,40,163
2007-05-07,0,0,0
2007-05-08,221,66,287
2007-05-09,234,60,294
2007-05-10,214,81,295
2007-05-11,33,372,405
2007-05-12,108,104,212
2007-05-13,400,166,566
2007-05-14,0,0,0
2007-05-15,90,20,110
2007-05-16,168,480,648
2007-05-17,88,252,340
2007-05-18,0,333,333
2007-05-19,293,2543,2836
2007-05-20,103,48,151
2007-05-21,0,0,0
2007-05-22,23,18,41
2007-05-23,19,58,77
2007-05-24,185,50,235
2007-05-25,305,49,354
2007-05-26,0,927,927
2007-05-27,134,138,272
2007-05-28,0,0,0
2007-05-29,197,272,469
2007-05-30,52,31,83
2007-05-31,6,89,95
2007-06-01,4,18,22
2007-06-02,142,948,1090
2007-06-03,123,14,137
2007-06-04,0,0,0
2007-06-05,11,31,42
2007-06-06,179,37,216
2007-06-07,9,6,15
2007-06-08,11,123,134
2007-06-09,118,342,460
2007-06-10,144,30,174
2007-06-11,0,0,0
2007-06-12,12,166,178
2007-06-13,6,77,83
2007-06-14,74,320,394
2007-06-15,112,91,203
2007-06-16,168,940,1108
2007-06-17,113,271,384
2007-06-18,0,0,0
2007-06-19,21,136,157
2007-06-20,62,309,371
2007-06-21,19,228,247
2007-06-22,180,338,518
2007-06-23,0,1359,1359
2007-06-24,152,29,181
2007-06-25,,,0
2007-06-26,60,126,186
2007-06-27,56,16,72
2007-06-28,13,155,168
2007-06-29,26,293,319
2007-06-30,88,34,122
2007-07-01,145,31,176
2007-07-02,0,0,0
2007-07-03,21,137,158
2007-07-04,6,55,61
2007-07-05,16,156,172
2007-07-06,16,62,78
2007-07-07,111,15,126
2007-07-08,136,32,168
2007-07-09,0,0,0
2007-07-10,19,50,69
2007-07-11,12,15,27
2007-07-12,17,156,173
2007-07-13,60,118,178
2007-07-14,91,141,232
2007-07-15,0,0,0
2007-07-16,184,54,238
2007-07-17,230,66,296
2007-07-18,25,380,405
2007-07-19,14,155,169
2007-07-20,45,89,134
2007-07-21,214,1758,1972
2007-07-22,159,47,206
2007-07-23,0,0,0
2007-07-24,98,11,109
2007-07-25,54,64,118
2007-07-26,70,59,129
2007-07-27,64,35,99
2007-07-28,0,547,547
2007-07-29,172,31,203
2007-07-30,0,0,0
2007-07-31,229,764,993
2007-08-01,210,129,339
2007-08-02,293,352,645
2007-08-03,230,173,403
2007-08-04,369,82,451
2007-08-05,313,70,383
2007-08-06,0,0,0
2007-08-07,158,69,227
2007-08-08,162,69,231
2007-08-09,151,32,183
2007-08-10,115,41,156
2007-08-11,189,226,415
2007-08-12,282,106,388
2007-08-13,0,0,0
2007-08-14,176,39,215
2007-08-15,332,40,372
2007-08-16,178,125,303
2007-08-17,200,35,235
2007-08-18,355,137,492
2007-08-19,314,45,359
2007-08-20,0,0,0
2007-08-21,105,35,140
2007-08-22,100,58,158
2007-08-23,91,80,171
2007-08-24,50,9,59
2007-08-25,0,728,728
2007-08-26,282,292,574
2007-08-27,,,0
2007-08-28,31,17,48
2007-08-29,20,15,35
2007-08-30,26,7,33
2007-08-31,22,6,28
2007-09-01,113,23,136
2007-09-02,199,56,255
2007-09-03,0,0,0
2007-09-04,80,264,344
2007-09-05,86,460,546
2007-09-06,49,187,236
2007-09-07,71,100,171
2007-09-08,108,366,474
2007-09-09,154,22,176
2007-09-10,,,0
2007-09-11,14,183,197
2007-09-12,51,247,298
2007-09-13,29,402,431
2007-09-14,90,357,447
2007-09-15,407,1613,2020
2007-09-16,253,28,281
2007-09-17,0,0,0
2007-09-18,18,119,137
2007-09-19,31,313,344
2007-09-20,232,288,520
2007-09-21,76,207,283
2007-09-22,0,680,680
2007-09-23,128,26,154
2007-09-24,149,57,206
2007-09-25,210,1113,1323
2007-09-26,191,61,252
2007-09-27,34,100,134
2007-09-28,170,114,284
2007-09-29,120,142,262
2007-09-30,183,112,295
2007-10-01,0,0,0
2007-10-02,177,223,400
2007-10-03,232,36,268
2007-10-04,21,170,191
2007-10-05,156,183,339
2007-10-06,140,37,177
2007-10-07,128,36,164
2007-10-08,0,0,0
2007-10-09,11,78,89
2007-10-10,180,295,475
2007-10-11,8,81,89
2007-10-12,312,372,684
2007-10-13,77,118,195
2007-10-14,126,34,160
2007-10-15,,,0
2007-10-16,24,323,347
2007-10-17,85,174,259
2007-10-18,171,144,315
2007-10-19,291,177,468
2007-10-20,155,1162,1317
2007-10-21,208,73,281
2007-10-22,0,0,0
2007-10-23,30,1174,1204
2007-10-24,53,108,161
2007-10-25,47,199,246
2007-10-26,112,199,311
2007-10-27,0,839,839
2007-10-28,188,169,357
2007-10-29,0,0,0
2007-10-30,88,437,525
2007-10-31,104,555,659
2007-11-01,126,308,434
2007-11-02,41,142,183
2007-11-03,126,360,486
2007-11-04,435,398,833
2007-11-05,,,0
2007-11-06,134,112,246
2007-11-07,70,67,137
2007-11-08,18,139,157
2007-11-09,28,138,166
2007-11-10,92,544,636
2007-11-11,99,73,172
2007-11-12,,,0
2007-11-13,39,16,55
2007-11-14,10,93,103
2007-11-15,13,71,84
2007-11-16,51,117,168
2007-11-17,83,43,126
2007-11-18,144,63,207
2007-11-19,,,0
2007-11-20,16,93,109
2007-11-21,48,49,97
2007-11-22,13,42,55
2007-11-23,84,529,613
2007-11-24,,846,846
2007-11-25,131,149,280
2007-11-26,,0,0
2007-11-27,39,105,144
2007-11-28,107,138,245
2007-11-29,14,73,87
2007-11-30,59,133,192
2007-12-01,80,269,349
2007-12-02,143,62,205
2007-12-03,0,0,0
2007-12-04,15,230,245
2007-12-05,6,660,666
2007-12-06,51,316,367
2007-12-07,22,88,110
2007-12-08,84,92,176
2007-12-09,83,43,126
2007-12-10,0,430,430
2007-12-11,480,240,720
2007-12-12,48,297,345
2007-12-13,29,499,528
2007-12-14,23,326,349
2007-12-15,107,297,404
2007-12-16,118,366,484
2007-12-17,0,0,0
2007-12-18,22,754,776
2007-12-19,202,31,233
2007-12-20,5,407,412
2007-12-21,22,685,707
2007-12-22,0,1272,1272
2007-12-23,123,50,173
2007-12-24,0,0,0
2007-12-25,167,295,462
2007-12-26,333,375,708
2007-12-27,47,125,172
2007-12-28,47,21,68
2007-12-29,142,62,204
2007-12-30,223,73,296
2007-12-31,0,0,0
2008-01-01,0,0,0
2008-01-02,50,52,102
2008-01-03,59,61,120
2008-01-04,56,28,84
2008-01-05,137,70,207
2008-01-06,148,65,213
2008-01-07,0,0,0
2008-01-08,100,22,122
2008-01-09,68,36,104
2008-01-10,51,122,173
2008-01-11,35,13,48
2008-01-12,83,346,429
2008-01-13,150,58,208
2008-01-14,0,0,0
2008-01-15,54,380,434
2008-01-16,54,186,240
2008-01-17,30,227,257
2008-01-18,43,342,385
2008-01-19,165,38,203
2008-01-20,170,41,211
2008-01-21,0,0,0
2008-01-22,18,92,110
2008-01-23,51,227,278
2008-01-24,34,157,191
2008-01-25,38,96,134
2008-01-26,0,601,601
2008-01-27,242,71,313
2008-01-28,0,0,0
2008-01-29,48,16,64
2008-01-30,33,50,83
2008-01-31,45,64,109
2008-02-01,22,106,128
2008-02-02,292,70,362
2008-02-03,285,109,394
2008-02-04,0,0,0
2008-02-05,72,70,142
2008-02-06,83,41,124
2008-02-07,219,218,437
2008-02-08,211,83,294
2008-02-09,148,162,310
2008-02-10,155,50,205
2008-02-11,0,0,0
2008-02-12,10,23,33
2008-02-13,6,78,84
2008-02-14,28,84,112
2008-02-15,13,17,30
2008-02-16,118,56,174
2008-02-17,160,53,213
2008-02-18,0,0,0
2008-02-19,42,37,79
2008-02-20,38,16,54
2008-02-21,39,342,381
2008-02-22,23,8,31
2008-02-23,0,597,597
2008-02-24,127,39,166
2008-02-25,0,0,0
2008-02-26,41,18,59
2008-02-27,31,29,60
2008-02-28,90,38,128
2008-02-29,59,331,390
2008-03-01,520,120,640
2008-03-02,480,107,587
2008-03-03,0,0,0
2008-03-04,7,12,19
2008-03-05,11,13,24
2008-03-06,5,46,51
2008-03-07,20,22,42
2008-03-08,131,475,606
2008-03-09,146,56,202
2008-03-10,0,0,0
2008-03-11,13,77,90
2008-03-12,12,10,22
2008-03-13,10,11,21
2008-03-14,13,48,61
2008-03-15,92,56,148
2008-03-16,148,52,200
2008-03-17,0,0,0
2008-03-18,20,273,293
2008-03-19,24,252,276
2008-03-20,10,198,208
2008-03-21,21,210,231
2008-03-22,0,589,589
2008-03-23,144,40,184
2008-03-24,0,0,0
2008-03-25,17,364,381
2008-03-26,32,65,97
2008-03-27,19,48,67
2008-03-28,30,121,151
2008-03-29,127,16,143
2008-03-30,119,47,166
2008-03-31,0,0,0
2008-04-01,41,59,100
2008-04-02,13,10,23
2008-04-03,89,22,111
2008-04-04,13,168,181
2008-04-05,61,496,557
2008-04-06,139,48,187
2008-04-07,0,0,0
2008-04-08,10,66,76
2008-04-09,125,450,575
2008-04-10,16,60,76
2008-04-11,61,26,87
2008-04-12,120,736,856
2008-04-13,149,49,198
2008-04-14,0,0,0
2008-04-15,7,164,171
2008-04-16,9,83,92
2008-04-17,10,71,81
2008-04-18,22,58,80
2008-04-19,90,939,1029
2008-04-20,87,38,125
2008-04-21,0,0,0
2008-04-22,48,132,180
2008-04-23,46,196,242
2008-04-24,214,38,252
2008-04-25,23,54,77
2008-04-26,0,1876,1876
2008-04-27,205,71,276
2008-04-28,0,0,0
2008-04-29,28,302,330
2008-04-30,214,355,569
2008-05-01,281,283,564
2008-05-02,128,57,185
2008-05-03,222,353,575
2008-05-04,387,345,732
2008-05-05,2880,3180,6060
2008-05-06,42,10,52
2008-05-07,330,321,651
2008-05-08,58,3,61
2008-05-09,315,716,1031
2008-05-10,413,362,775
2008-05-11,266,185,451
2008-05-12,0,0,0
2008-05-13,50,294,344
2008-05-14,113,91,204
2008-05-15,263,58,321
2008-05-16,111,206,317
2008-05-17,1233,1562,2795
2008-05-18,169,147,316
2008-05-19,0,0,0
2008-05-20,116,8,124
2008-05-21,175,208,383
2008-05-22,232,89,321
2008-05-23,377,224,601
2008-05-24,1373,1295,2668
2008-05-25,144,102,246
2008-05-26,0,0,0
2008-05-27,177,54,231
2008-05-28,72,11,83
2008-05-29,128,31,159
2008-05-30,162,83,245
2008-05-31,574,313,887
2008-06-01,181,140,321
2008-06-02,0,0,0
2008-06-03,54,8,62
2008-06-04,76,205,281
2008-06-05,490,428,918
2008-06-06,203,196,399
2008-06-07,310,387,697
2008-06-08,180,130,310
2008-06-09,0,0,0
2008-06-10,193,15,208
2008-06-11,480,68,548
2008-06-12,363,47,410
2008-06-13,226,103,329
2008-06-14,788,554,1342
2008-06-15,163,178,341
2008-06-16,12,27,39
2008-06-17,362,93,455
2008-06-18,119,23,142
2008-06-19,271,12,283
2008-06-20,53,68,121
2008-06-21,447,436,883
2008-06-22,104,68,172
2008-06-23,0,0,0
2008-06-24,201,53,254
2008-06-25,461,20,481
2008-06-26,254,67,321
2008-06-27,235,311,546
2008-06-28,298,323,621
2008-06-29,159,103,262
2008-06-30,0,0,0
2008-07-01,191,7,198
2008-07-02,76,12,88
2008-07-03,299,12,311
2008-07-04,126,59,185
2008-07-05,801,543,1344
2008-07-06,149,91,240
2008-07-07,0,0,0
2008-07-08,168,98,266
2008-07-09,222,74,296
2008-07-10,439,8,447
2008-07-11,90,22,112
2008-07-12,348,396,744
2008-07-13,144,79,223
2008-07-14,0,0,0
2008-07-15,51,23,74
2008-07-16,521,284,805
2008-07-17,96,282,378
2008-07-18,993,116,1109
2008-07-19,507,178,685
2008-07-20,174,126,300
2008-07-21,0,0,0
2008-07-22,286,74,360
2008-07-23,124,54,178
2008-07-24,253,77,330
2008-07-25,263,306,569
2008-07-26,733,832,1565
2008-07-27,226,149,375
2008-07-28,0,0,0
2008-07-29,258,134,392
2008-07-30,242,113,355
2008-07-31,219,211,430
2008-08-01,175,158,333
2008-08-02,363,305,668
2008-08-03,166,143,309
2008-08-04,0,0,0
2008-08-05,197,245,442
2008-08-06,260,156,416
2008-08-07,183,213,396
2008-08-08,197,196,393
2008-08-09,250,297,547
2008-08-10,168,170,338
2008-08-11,0,0,0
2008-08-12,247,130,377
2008-08-13,116,109,225
2008-08-14,152,166,318
2008-08-15,262,230,492
2008-08-16,539,459,998
2008-08-17,253,229,482
2008-08-18,0,0,0
2008-08-19,295,253,548
2008-08-20,184,147,331
2008-08-21,101,97,198
2008-08-22,255,130,385
2008-08-23,3160,872,4032
2008-08-24,246,240,486
2008-08-25,0,0,0
2008-08-26,131,22,153
2008-08-27,175,24,199
2008-08-28,402,174,576
2008-08-29,228,18,246
2008-08-30,303,441,744
2008-08-31,152,114,266
2008-09-01,0,0,0
2008-09-02,82,141,223
2008-09-03,205,146,351
2008-09-04,73,248,321
2008-09-05,340,140,480
2008-09-06,843,494,1337
2008-09-07,390,138,528
2008-09-08,0,0,0
2008-09-09,212,379,591
2008-09-10,55,133,188
2008-09-11,219,154,373
2008-09-12,35,133,168
2008-09-13,208,366,574
2008-09-14,239,367,606
2008-09-15,213,376,589
2008-09-16,104,195,299
2008-09-17,94,210,304
2008-09-18,275,132,407
2008-09-19,187,558,745
2008-09-20,366,481,847
2008-09-21,165,208,373
2008-09-22,0,0,0
2008-09-23,153,137,290
2008-09-24,445,162,607
2008-09-25,192,123,315
2008-09-26,141,174,315
2008-09-27,706,663,1369
2008-09-28,255,160,415
2008-09-29,0,0,0
2008-09-30,70,573,643
2008-10-01,151,192,343
2008-10-02,239,118,357
2008-10-03,132,135,267
2008-10-04,311,690,1001
2008-10-05,152,110,262
2008-10-06,0,0,0
2008-10-07,75,31,106
2008-10-08,263,108,371
2008-10-09,302,846,1148
2008-10-10,169,394,563
2008-10-11,397,393,790
2008-10-12,427,143,570
2008-10-13,0,0,0
2008-10-14,460,76,536
2008-10-15,117,316,433
2008-10-16,362,128,490
2008-10-17,349,135,484
2008-10-18,260,339,599
2008-10-19,264,317,581
2008-10-20,0,0,0
2008-10-21,566,91,657
2008-10-22,198,415,613
2008-10-23,385,57,442
2008-10-24,200,197,397
2008-10-25,988,666,1654
2008-10-26,501,385,886
2008-10-27,0,0,0
2008-10-28,650,515,1165
2008-10-29,373,20,393
2008-10-30,224,53,277
2008-10-31,306,137,443
2008-11-01,352,371,723
2008-11-02,403,238,641
2008-11-03,0,0,0
2008-11-04,173,25,198
2008-11-05,54,66,120
2008-11-06,128,371,499
2008-11-07,226,42,268
2008-11-08,355,234,589
2008-11-09,342,156,498
2008-11-10,0,0,0
2008-11-11,149,36,185
2008-11-12,111,21,132
2008-11-13,70,18,88
2008-11-14,142,75,217
2008-11-15,198,128,326
2008-11-16,512,190,702
2008-11-17,0,0,0
2008-11-18,356,173,529
2008-11-19,201,6,207
2008-11-20,146,133,279
2008-11-21,66,58,124
2008-11-22,359,268,627
2008-11-23,177,139,316
2008-11-24,0,0,0
2008-11-25,548,5,553
2008-11-26,302,208,510
2008-11-27,338,108,446
2008-11-28,37,45,82
2008-11-29,145,841,986
2008-11-30,161,144,305
2008-12-01,0,0,0
2008-12-02,177,32,209
2008-12-03,344,112,456
2008-12-04,73,11,84
2008-12-05,314,485,799
2008-12-06,158,88,246
2008-12-07,114,82,196
2008-12-08,0,0,0
2008-12-09,187,9,196
2008-12-10,570,21,591
2008-12-11,222,55,277
2008-12-12,70,580,650
2008-12-13,312,254,566
2008-12-14,167,129,296
2008-12-15,0,0,0
2008-12-16,248,21,269
2008-12-17,172,345,517
2008-12-18,103,297,400
2008-12-19,51,70,121
2008-12-20,434,184,618
2008-12-21,81,72,153
2008-12-22,0,0,0
2008-12-23,182,92,274
2008-12-24,168,360,528
2008-12-25,355,246,601
2008-12-26,196,38,234
2008-12-27,276,249,525
2008-12-28,211,151,362
2008-12-29,0,0,0
2008-12-30,92,64,156
2008-12-31,73,54,127
2009-01-01,0,0,0
2009-01-02,141,112,253
2009-01-03,203,144,347
2009-01-04,162,141,303
2009-01-05,10,9,19
2009-01-06,80,91,171
2009-01-07,81,60,141
2009-01-08,68,40,108
2009-01-09,58,49,107
2009-01-10,310,303,613
2009-01-11,171,148,319
2009-01-12,191,10,201
2009-01-13,356,35,391
2009-01-14,305,44,349
2009-01-15,258,51,309
2009-01-16,251,75,326
2009-01-17,214,392,606
2009-01-18,163,138,301
2009-01-19,27,40,67
2009-01-20,66,283,349
2009-01-21,202,316,518
2009-01-22,94,94,188
2009-01-23,44,30,74
2009-01-24,245,222,467
2009-01-25,103,108,211
2009-01-26,281,248,529
2009-01-27,266,284,550
2009-01-28,62,58,120
2009-01-29,85,80,165
2009-01-30,66,54,120
2009-01-31,276,479,755
2009-02-01,333,262,595
2009-02-02,0,0,0
2009-02-03,128,160,288
2009-02-04,130,112,242
2009-02-05,93,67,160
2009-02-06,83,166,249
2009-02-07,309,288,597
2009-02-08,399,417,816
2009-02-09,60,9,69
2009-02-10,98,70,168
2009-02-11,149,26,175
2009-02-12,444,61,505
2009-02-13,217,84,301
2009-02-14,203,199,402
2009-02-15,195,178,373
2009-02-16,11,35,46
2009-02-17,199,22,221
2009-02-18,292,114,406
2009-02-19,230,136,366
2009-02-20,149,37,186
2009-02-21,326,294,620
2009-02-22,282,239,521
2009-02-23,7,8,15
2009-02-24,364,136,500
2009-02-25,288,206,494
2009-02-26,155,196,351
2009-02-27,157,90,247
2009-02-28,587,253,840
,,,0
2009-03-01,454,187,641
2009-03-02,2,4,6
2009-03-03,46,7,53
2009-03-04,274,12,286
2009-03-05,62,14,76
2009-03-06,55,13,68
2009-03-07,143,147,290
2009-03-08,210,229,439
2009-03-09,0,0,0
2009-03-10,101,11,112
2009-03-11,69,31,100
2009-03-12,58,8,66
2009-03-13,40,9,49
2009-03-14,238,203,441
2009-03-15,247,265,512
2009-03-16,3,1,4
2009-03-17,49,46,95
2009-03-18,41,11,52
2009-03-19,88,231,319
2009-03-20,55,48,103
2009-03-21,187,203,390
2009-03-22,197,209,406
2009-03-23,0,0,0
2009-03-24,39,44,83
2009-03-25,167,97,264
2009-03-26,114,34,148
2009-03-27,82,83,165
2009-03-28,268,290,558
2009-03-29,221,204,425
2009-03-30,5,7,12
2009-03-31,401,92,493
2009-04-01,200,5,205
2009-04-02,323,47,370
2009-04-03,69,9,78
2009-04-04,287,253,540
2009-04-05,203,177,380
2009-04-06,2,3,5
2009-04-07,68,19,87
2009-04-08,140,38,178
2009-04-09,73,5,78
2009-04-10,101,7,108
2009-04-11,549,520,1069
2009-04-12,180,113,293
2009-04-13,184,2,186
2009-04-14,111,41,152
2009-04-15,182,55,237
2009-04-16,151,51,202
2009-04-17,67,268,335
2009-04-18,762,701,1463
2009-04-19,233,251,484
2009-04-20,93,0,93
2009-04-21,235,105,340
2009-04-22,95,10,105
2009-04-23,47,184,231
2009-04-24,138,6,144
2009-04-25,529,384,913
2009-04-26,225,182,407
2009-04-27,92,0,92
2009-04-28,532,10,542
2009-04-29,427,143,570
2009-04-30,50,181,231
2009-05-01,302,36,338
2009-05-02,392,832,1224
2009-05-03,354,1386,1740
2009-05-04,203,1136,1339
2009-05-05,1199,3075,4274
2009-05-06,42,112,154
2009-05-07,155,202,357
2009-05-08,256,277,533
2009-05-09,399,832,1231
2009-05-10,142,517,659
2009-05-11,102,20,122
2009-05-12,205,174,379
2009-05-13,156,12,168
2009-05-14,126,51,177
2009-05-15,103,57,160
2009-05-16,306,292,598
2009-05-17,309,284,593
2009-05-18,148,0,148
2009-05-19,539,217,756
2009-05-20,157,186,343
2009-05-21,110,208,318
2009-05-22,234,73,307
2009-05-23,1435,1586,3021
2009-05-24,895,535,1430
2009-05-25,92,0,92
2009-05-26,1498,960,2458
2009-05-27,313,201,514
2009-05-28,112,96,208
2009-05-29,111,118,229
2009-05-30,297,758,1055
2009-05-31,248,426,674
2009-06-01,92,0,92
2009-06-02,269,8,277
2009-06-03,377,68,445
2009-06-04,408,57,465
2009-06-05,314,158,472
2009-06-06,208,245,453
2009-06-07,267,226,493
2009-06-08,92,0,92
2009-06-09,277,100,377
2009-06-10,431,11,442
2009-06-11,496,12,508
2009-06-12,87,22,109
2009-06-13,616,728,1344
2009-06-14,207,188,395
2009-06-15,95,13,108
2009-06-16,312,225,537
2009-06-17,179,128,307
2009-06-18,205,9,214
2009-06-19,57,604,661
2009-06-20,200,398,598
2009-06-21,332,251,583
2009-06-22,217,10,227
2009-06-23,161,175,336
2009-06-24,232,232,464
2009-06-25,140,153,293
2009-06-26,158,75,233
2009-06-27,416,388,804
2009-06-28,363,316,679
2009-06-29,179,6,185
2009-06-30,384,422,806
2009-07-01,232,19,251
2009-07-02,296,14,310
2009-07-03,146,57,203
2009-07-04,159,349,508
2009-07-05,314,270,584
2009-07-06,209,2,211
2009-07-07,196,77,273
2009-07-08,177,15,192
2009-07-09,272,8,280
2009-07-10,91,23,114
2009-07-11,399,494,893
2009-07-12,266,276,542
2009-07-13,432,530,962
2009-07-14,66,17,83
2009-07-15,499,156,655
2009-07-16,595,80,675
2009-07-17,320,33,353
2009-07-18,322,236,558
2009-07-19,639,488,1127
2009-07-20,178,22,200
2009-07-21,99,142,241
2009-07-22,335,240,575
2009-07-23,315,101,416
2009-07-24,231,84,315
2009-07-25,1012,745,1757
2009-07-26,634,471,1105
2009-07-27,237,20,257
2009-07-28,142,175,317
2009-07-29,457,457,914
2009-07-30,323,179,502
2009-07-31,493,521,1014
2009-08-01,329,276,605
2009-08-02,360,431,791
2009-08-03,161,130,291
2009-08-04,193,263,456
2009-08-05,207,157,364
2009-08-06,528,225,753
2009-08-07,315,149,464
2009-08-08,469,487,956
2009-08-09,490,406,896
2009-08-10,48,70,118
2009-08-11,197,153,350
2009-08-12,114,141,255
2009-08-13,332,129,461
2009-08-14,555,335,890
2009-08-15,767,550,1317
2009-08-16,432,497,929
2009-08-17,72,57,129
2009-08-18,159,428,587
2009-08-19,146,162,308
2009-08-20,113,173,286
2009-08-21,131,256,387
2009-08-22,370,362,732
2009-08-23,325,281,606
2009-08-24,30,5,35
2009-08-25,438,92,530
2009-08-26,220,129,349
2009-08-27,216,24,240
2009-08-28,247,14,261
2009-08-29,1656,1845,3501
2009-08-30,1379,929,2308
2009-08-31,85,6,91
2009-09-01,402,19,421
2009-09-02,95,73,168
2009-09-03,150,59,209
2009-09-04,84,28,112
2009-09-05,350,759,1109
2009-09-06,329,288,617
2009-09-07,40,8,48
2009-09-08,46,218,264
2009-09-09,63,36,99
2009-09-10,176,28,204
2009-09-11,148,50,198
2009-09-12,750,724,1474
2009-09-13,292,223,515
2009-09-14,69,39,108
2009-09-15,63,18,81
2009-09-16,139,49,188
2009-09-17,136,22,158
2009-09-18,52,153,205
2009-09-19,193,267,460
2009-09-20,215,312,527
2009-09-21,196,0,196
2009-09-22,236,40,276
2009-09-23,102,356,458
2009-09-24,262,13,275
2009-09-25,68,67,135
2009-09-26,561,649,1210
2009-09-27,491,634,1125
2009-09-28,274,4,278
2009-09-29,28,4,32
2009-09-30,158,130,288
2009-10-01,46,30,76
2009-10-02,178,207,385
2009-10-03,475,336,811
2009-10-04,315,254,569
2009-10-05,78,6,84
2009-10-06,58,13,71
2009-10-07,369,9,378
2009-10-08,356,99,455
2009-10-09,62,210,272
2009-10-10,370,462,832
2009-10-11,245,292,537
2009-10-12,203,12,215
2009-10-13,586,301,887
2009-10-14,519,653,1172
2009-10-15,766,679,1445
2009-10-16,75,259,334
2009-10-17,186,602,788
2009-10-18,655,899,1554
2009-10-19,166,14,180
2009-10-20,60,15,75
2009-10-21,298,115,413
2009-10-22,153,67,220
2009-10-23,76,59,135
2009-10-24,403,414,817
2009-10-25,269,255,524
2009-10-26,428,16,444
2009-10-27,260,14,274
2009-10-28,320,141,461
2009-10-29,258,19,277
2009-10-30,91,15,106
2009-10-31,224,332,556
2009-11-01,289,214,503
2009-11-02,141,1,142
2009-11-03,113,12,125
2009-11-04,175,11,186
2009-11-05,198,24,222
2009-11-06,77,45,122
2009-11-07,350,359,709
2009-11-08,212,188,400
2009-11-09,286,3,289
2009-11-10,275,4,279
2009-11-11,156,11,167
2009-11-12,306,12,318
2009-11-13,223,119,342
2009-11-14,349,353,702
2009-11-15,222,189,411
2009-11-16,149,0,149
2009-11-17,340,12,352
2009-11-18,281,13,294
2009-11-19,241,28,269
2009-11-20,115,149,264
2009-11-21,176,187,363
2009-11-22,207,240,447
2009-11-23,198,0,198
2009-11-24,213,75,288
2009-11-25,224,803,1027
2009-11-26,460,39,499
2009-11-27,94,470,564
2009-11-28,525,508,1033
2009-11-29,271,270,541
2009-11-30,159,4,163
2009-12-01,292,336,628
2009-12-02,577,8,585
2009-12-03,186,22,208
2009-12-04,198,11,209
2009-12-05,191,450,641
2009-12-06,249,252,501
2009-12-07,242,0,242
2009-12-08,53,71,124
2009-12-09,230,7,237
2009-12-10,95,300,395
2009-12-11,328,169,497
2009-12-12,260,451,711
2009-12-13,254,177,431
2009-12-14,187,0,187
2009-12-15,174,110,284
2009-12-16,512,402,914
2009-12-17,255,166,421
2009-12-18,233,661,894
2009-12-19,241,443,684
2009-12-20,188,277,465
2009-12-21,262,630,892
2009-12-22,331,136,467
2009-12-23,155,97,252
2009-12-24,46,74,120
2009-12-25,385,438,823
2009-12-26,475,396,871
2009-12-27,243,309,552
2009-12-28,138,0,138
2009-12-29,211,121,332
2009-12-30,288,283,571
2009-12-31,107,258,365
2010-01-01,0,0,0
2010-01-02,172,212,384
2010-01-03,229,316,545
2010-01-04,35,3,38
2010-01-05,27,43,70
2010-01-06,43,66,109
2010-01-07,40,81,121
2010-01-08,47,138,185
2010-01-09,129,287,416
2010-01-10,267,420,687
2010-01-11,33,0,33
2010-01-12,84,108,192
2010-01-13,102,81,183
2010-01-14,244,156,400
2010-01-15,131,230,361
2010-01-16,301,324,625
2010-01-17,499,442,941
2010-01-18,45,5,50
2010-01-19,112,147,259
2010-01-20,95,138,233
2010-01-21,109,91,200
2010-01-22,135,224,359
2010-01-23,342,391,733
2010-01-24,308,305,613
2010-01-25,28,4,32
2010-01-26,118,107,225
2010-01-27,353,278,631
2010-01-28,253,68,321
2010-01-29,146,325,471
2010-01-30,324,270,594
2010-01-31,500,725,1225
2010-02-01,144,30,174
2010-02-02,137,632,769
2010-02-03,260,457,717
2010-02-04,313,295,608
2010-02-05,393,565,958
2010-02-06,276,715,991
2010-02-07,338,281,619
2010-02-08,24,7,31
2010-02-09,126,270,396
2010-02-10,22,71,93
2010-02-11,27,53,80
2010-02-12,63,28,91
2010-02-13,246,316,562
2010-02-14,652,643,1295
2010-02-15,446,349,795
2010-02-16,37,10,47
2010-02-17,247,80,327
2010-02-18,139,85,224
2010-02-19,308,127,435
2010-02-20,237,186,423
2010-02-21,334,281,615
2010-02-22,58,5,63
2010-02-23,580,185,765
2010-02-24,470,345,815
2010-02-25,173,67,240
2010-02-26,144,229,373
2010-02-27,486,321,807
2010-02-28,581,433,1014
2010-03-01,225,192,417
2010-03-02,8,0,8
2010-03-03,47,14,61
2010-03-04,55,8,63
2010-03-05,411,4,415
2010-03-06,215,116,331
2010-03-07,272,253,525
2010-03-08,18,0,18
2010-03-09,311,8,319
2010-03-10,77,11,88
2010-03-11,71,13,84
2010-03-12,56,2,58
2010-03-13,348,397,745
2010-03-14,433,412,845
2010-03-15,80,2,82
2010-03-16,90,3,93
2010-03-17,364,9,373
2010-03-18,278,15,293
2010-03-19,198,61,259
2010-03-20,431,526,957
2010-03-21,950,701,1651
2010-03-22,78,0,78
2010-03-23,252,14,266
2010-03-24,240,387,627
2010-03-25,193,45,238
2010-03-26,368,96,464
2010-03-27,550,399,949
2010-03-28,759,448,1207
2010-03-29,86,5,91
2010-03-30,348,109,457
2010-03-31,375,111,486
2010-04-01,170,71,241
2010-04-02,173,32,205
2010-04-03,955,559,1514
2010-04-04,1066,637,1703
2010-04-05,101,11,112
2010-04-06,52,8,60
2010-04-07,145,31,176
2010-04-08,389,49,438
2010-04-09,364,107,471
2010-04-10,469,606,1075
2010-04-11,277,297,574
2010-04-12,141,1,142
2010-04-13,107,23,130
2010-04-14,221,158,379
2010-04-15,71,48,119
2010-04-16,47,9,56
2010-04-17,352,613,965
2010-04-18,322,301,623
2010-04-19,41,3,44
2010-04-20,92,8,100
2010-04-21,114,318,432
2010-04-22,316,195,511
2010-04-23,381,67,448
2010-04-24,411,550,961
2010-04-25,342,270,612
2010-04-26,38,0,38
2010-04-27,273,77,350
2010-04-28,304,71,375
2010-04-29,276,147,423
2010-04-30,309,39,348
2010-05-01,424,272,696
2010-05-02,264,251,515
2010-05-03,377,1,378
2010-05-04,132,113,245
2010-05-05,1190,1823,3013
2010-05-06,137,766,903
2010-05-07,222,91,313
2010-05-08,846,737,1583
2010-05-09,525,507,1032
2010-05-10,48,9,57
2010-05-11,566,126,692
2010-05-12,71,48,119
2010-05-13,154,15,169
2010-05-14,131,210,341
2010-05-15,273,409,682
2010-05-16,250,295,545
2010-05-17,169,0,169
2010-05-18,110,175,285
2010-05-19,88,395,483
2010-05-20,92,271,363
2010-05-21,308,223,531
2010-05-22,1226,678,1904
2010-05-23,361,253,614
2010-05-24,29,0,29
2010-05-25,54,9,63
2010-05-26,326,94,420
2010-05-27,144,21,165
2010-05-28,133,46,179
2010-05-29,180,196,376
2010-05-30,274,278,552
2010-05-31,65,0,65
2010-06-01,107,36,143
2010-06-02,205,140,345
2010-06-03,189,17,206
2010-06-04,125,17,142
2010-06-05,283,1271,1554
2010-06-06,226,266,492
2010-06-07,45,5,50
2010-06-08,364,519,883
2010-06-09,539,45,584
2010-06-10,192,161,353
2010-06-11,101,70,171
2010-06-12,543,712,1255
2010-06-13,387,349,736
2010-06-14,62,0,62
2010-06-15,279,379,658
2010-06-16,1017,20,1037
2010-06-17,1254,1487,2741
2010-06-18,129,64,193
2010-06-19,262,520,782
2010-06-20,271,325,596
2010-06-21,557,507,1064
2010-06-22,302,15,317
2010-06-23,221,58,279
2010-06-24,308,20,328
2010-06-25,456,149,605
2010-06-26,814,566,1380
2010-06-27,259,229,488
2010-06-28,53,1,54
2010-06-29,328,18,346
2010-06-30,354,85,439
2010-07-01,155,18,173
2010-07-02,55,22,77
2010-07-03,278,142,420
2010-07-04,268,306,574
2010-07-05,33,0,33
2010-07-06,315,81,396
2010-07-07,392,19,411
2010-07-08,295,68,363
2010-07-09,106,55,161
2010-07-10,556,744,1300
2010-07-11,483,396,879
2010-07-12,39,6,45
2010-07-13,171,115,286
2010-07-14,136,34,170
2010-07-15,174,36,210
2010-07-16,79,22,101
2010-07-17,274,281,555
2010-07-18,307,322,629
2010-07-19,50,12,62
2010-07-20,99,94,193
2010-07-21,193,55,248
2010-07-22,270,160,430
2010-07-23,409,497,906
2010-07-24,584,639,1223
2010-07-25,412,463,875
2010-07-26,102,40,142
2010-07-27,269,106,375
2010-07-28,526,262,788
2010-07-29,417,123,540
2010-07-30,700,519,1219
2010-07-31,374,664,1038
2010-08-01,572,897,1469
2010-08-02,117,341,458
2010-08-03,894,476,1370
2010-08-04,503,346,849
2010-08-05,425,425,850
2010-08-06,466,483,949
2010-08-07,684,867,1551
2010-08-08,608,741,1349
2010-08-09,307,3,310
2010-08-10,462,244,706
2010-08-11,337,173,510
2010-08-12,340,150,490
2010-08-13,360,308,668
2010-08-14,529,583,1112
2010-08-15,518,464,982
2010-08-16,34,64,98
2010-08-17,191,256,447
2010-08-18,353,188,541
2010-08-19,183,247,430
2010-08-20,382,194,576
2010-08-21,575,390,965
2010-08-22,403,333,736
2010-08-23,19,0,19
2010-08-24,128,132,260
2010-08-25,396,249,645
2010-08-26,168,54,222
2010-08-27,112,146,258
2010-08-28,569,656,1225
2010-08-29,289,263,552
2010-08-30,626,4,630
2010-08-31,227,779,1006
2010-09-01,236,703,939
2010-09-02,201,187,388
2010-09-03,359,937,1296
2010-09-04,851,1465,2316
2010-09-05,572,1029,1601
2010-09-06,26,3,29
2010-09-07,65,8,73
2010-09-08,359,161,520
2010-09-09,175,127,302
2010-09-10,119,119,238
2010-09-11,420,627,1047
2010-09-12,266,235,501
2010-09-13,28,8,36
2010-09-14,112,453,565
2010-09-15,436,39,475
2010-09-16,166,302,468
2010-09-17,327,324,651
2010-09-18,257,923,1180
2010-09-19,311,543,854
2010-09-20,163,255,418
2010-09-21,200,407,607
2010-09-22,408,679,1087
2010-09-23,803,1429,2232
2010-09-24,349,545,894
2010-09-25,1008,1401,2409
2010-09-26,341,466,807
2010-09-27,35,1,36
2010-09-28,176,173,349
2010-09-29,399,111,510
2010-09-30,213,104,317
2010-10-01,328,72,400
2010-10-02,253,613,866
2010-10-03,225,1150,1375
2010-10-04,26,1,27
2010-10-05,261,61,322
2010-10-06,401,254,655
2010-10-07,139,162,301
2010-10-08,70,345,415
2010-10-09,408,446,854
2010-10-10,288,265,553
2010-10-11,44,1,45
2010-10-12,129,171,300
2010-10-13,353,57,410
2010-10-14,136,85,221
2010-10-15,130,227,357
2010-10-16,387,651,1038
2010-10-17,283,286,569
2010-10-18,365,3,368
2010-10-19,123,146,269
2010-10-20,244,97,341
2010-10-21,255,91,346
2010-10-22,509,136,645
2010-10-23,447,514,961
2010-10-24,381,395,776
2010-10-25,395,27,422
2010-10-26,282,118,400
2010-10-27,430,152,582
2010-10-28,103,21,124
2010-10-29,202,181,383
2010-10-30,375,589,964
2010-10-31,389,439,828
2010-11-01,42,20,62
2010-11-02,85,7,92
2010-11-03,143,138,281
2010-11-04,157,91,248
2010-11-05,172,101,273
2010-11-06,165,255,420
2010-11-07,228,241,469
2010-11-08,272,0,272
2010-11-09,256,30,286
2010-11-10,75,89,164
2010-11-11,325,177,502
2010-11-12,208,81,289
2010-11-13,623,520,1143
2010-11-14,291,244,535
2010-11-15,40,0,40
2010-11-16,150,24,174
2010-11-17,195,54,249
2010-11-18,139,22,161
2010-11-19,110,145,255
2010-11-20,559,342,901
2010-11-21,254,203,457
2010-11-22,234,170,404
2010-11-23,249,187,436
2010-11-24,463,335,798
2010-11-25,263,66,329
2010-11-26,456,127,583
2010-11-27,146,178,324
2010-11-28,184,133,317
2010-11-29,243,2,245
2010-11-30,447,447,894
2010-12-01,122,19,141
2010-12-02,69,70,139
2010-12-03,94,258,352
2010-12-04,444,127,571
2010-12-05,223,106,329
2010-12-06,43,3,46
2010-12-07,290,61,351
2010-12-08,77,243,320
2010-12-09,98,246,344
2010-12-10,102,36,138
2010-12-11,236,204,440
2010-12-12,226,130,356
2010-12-13,35,0,35
2010-12-14,243,121,364
2010-12-15,249,96,345
2010-12-16,83,222,305
2010-12-17,87,187,274
2010-12-18,307,207,514
2010-12-19,245,201,446
2010-12-20,354,0,354
2010-12-21,115,85,200
2010-12-22,287,37,324
2010-12-23,255,8,263
2010-12-24,109,46,155
2010-12-25,656,464,1120
2010-12-26,252,173,425
2010-12-27,67,5,72
2010-12-28,211,37,248
2010-12-29,334,143,477
2010-12-30,143,82,225
2010-12-31,134,76,210
2011-01-01,0,0,0
2011-01-02,240,168,408
2011-01-03,30,4,34
2011-01-04,122,81,203
2011-01-05,163,224,387
2011-01-06,114,117,231
2011-01-07,137,49,186
2011-01-08,329,271,600
2011-01-09,460,493,953
2011-01-10,40,2,42
2011-01-11,77,72,149
2011-01-12,67,36,103
2011-01-13,123,63,186
2011-01-14,122,66,188
2011-01-15,263,209,472
2011-01-16,266,251,517
2011-01-17,147,0,147
2011-01-18,280,59,339
2011-01-19,239,41,280
2011-01-20,257,76,333
2011-01-21,336,90,426
2011-01-22,377,349,726
2011-01-23,265,238,503
2011-01-24,40,0,40
2011-01-25,293,309,602
2011-01-26,290,136,426
2011-01-27,113,87,200
2011-01-28,138,111,249
2011-01-29,254,216,470
2011-01-30,361,474,835
2011-01-31,20,1,21
2011-02-01,73,48,121
2011-02-02,641,553,1194
2011-02-03,1287,1164,2451
2011-02-04,882,801,1683
2011-02-05,609,454,1063
2011-02-06,332,354,686
2011-02-07,21,0,21
2011-02-08,106,29,135
2011-02-09,108,99,207
2011-02-10,103,33,136
2011-02-11,173,53,226
2011-02-12,289,212,501
2011-02-13,618,430,1048
2011-02-14,25,0,25
2011-02-15,209,37,246
2011-02-16,151,119,270
2011-02-17,331,153,484
2011-02-18,192,125,317
2011-02-19,313,274,587
2011-02-20,337,224,561
2011-02-21,62,0,62
2011-02-22,150,67,217
2011-02-23,500,182,682
2011-02-24,331,156,487
2011-02-25,285,151,436
2011-02-26,315,294,609
2011-02-27,263,177,440
2011-02-28,209,0,209
2011-03-01,319,157,476
2011-03-02,70,26,96
2011-03-03,94,11,105
2011-03-04,63,9,72
2011-03-05,688,210,898
2011-03-06,698,291,989
2011-03-07,28,2,30
2011-03-08,103,9,112
2011-03-09,250,6,256
2011-03-10,88,10,98
2011-03-11,71,17,88
2011-03-12,281,303,584
2011-03-13,381,287,668
2011-03-14,15,0,15
2011-03-15,51,13,64
2011-03-16,58,13,71
2011-03-17,92,5,97
2011-03-18,268,41,309
2011-03-19,182,163,345
2011-03-20,262,150,412
2011-03-21,36,0,36
2011-03-22,172,29,201
2011-03-23,276,5,281
2011-03-24,410,13,423
2011-03-25,246,22,268
2011-03-26,499,618,1117
2011-03-27,317,300,617
2011-03-28,20,0,20
2011-03-29,298,8,306
2011-03-30,326,3,329
2011-03-31,95,3,98
2011-04-01,628,33,661
2011-04-02,274,312,586
2011-04-03,332,250,582
2011-04-04,57,1,58
2011-04-05,130,5,135
2011-04-06,76,16,92
2011-04-07,82,34,116
2011-04-08,84,22,106
2011-04-09,517,595,1112
2011-04-10,287,231,518
2011-04-11,19,0,19
2011-04-12,69,7,76
2011-04-13,230,44,274
2011-04-14,293,4,297
2011-04-15,54,22,76
2011-04-16,242,690,932
2011-04-17,317,218,535
2011-04-18,50,2,52
2011-04-19,245,22,267
2011-04-20,229,85,314
2011-04-21,184,126,310
2011-04-22,118,201,319
2011-04-23,510,469,979
2011-04-24,359,247,606
2011-04-25,22,2,24
2011-04-26,128,138,266
2011-04-27,744,151,895
2011-04-28,186,187,373
2011-04-29,569,103,672
2011-04-30,188,189,377
2011-05-01,358,278,636
2011-05-02,46,3,49
2011-05-03,276,133,409
2011-05-04,346,13,359
2011-05-05,1743,2285,4028
2011-05-06,164,74,238
2011-05-07,243,398,641
2011-05-08,420,283,703
2011-05-09,24,5,29
2011-05-10,362,284,646
2011-05-11,372,159,531
2011-05-12,298,149,447
2011-05-13,104,80,184
2011-05-14,523,683,1206
2011-05-15,331,306,637
2011-05-16,42,2,44
2011-05-17,76,28,104
2011-05-18,121,189,310
2011-05-19,150,258,408
2011-05-20,92,502,594
2011-05-21,202,569,771
2011-05-22,306,346,652
2011-05-23,80,2,82
2011-05-24,307,104,411
2011-05-25,417,162,579
2011-05-26,439,1149,1588
2011-05-27,2160,1129,3289
2011-05-28,522,439,961
2011-05-29,297,231,528
2011-05-30,76,2,78
2011-05-31,86,19,105
2011-06-01,169,209,378
2011-06-02,116,286,402
2011-06-03,187,547,734
2011-06-04,253,696,949
2011-06-05,367,355,722
2011-06-06,204,142,346
2011-06-07,288,4,292
2011-06-08,272,132,404
2011-06-09,2173,259,2432
2011-06-10,388,253,641
2011-06-11,498,671,1169
2011-06-12,395,534,929
2011-06-13,47,0,47
2011-06-14,90,182,272
2011-06-15,106,62,168
2011-06-16,185,96,281
2011-06-17,502,155,657
2011-06-18,215,469,684
2011-06-19,292,335,627
2011-06-20,45,2,47
2011-06-21,127,12,139
2011-06-22,476,56,532
2011-06-23,354,27,381
2011-06-24,112,59,171
2011-06-25,471,353,824
2011-06-26,283,148,431
2011-06-27,450,450,900
2011-06-28,321,124,445
2011-06-29,327,110,437
2011-06-30,263,9,272
2011-07-01,89,16,105
2011-07-02,184,375,559
2011-07-03,194,141,335
2011-07-04,49,0,49
2011-07-05,104,147,251
2011-07-06,280,8,288
2011-07-07,461,13,474
2011-07-08,388,293,681
2011-07-09,609,681,1290
2011-07-10,256,173,429
2011-07-11,101,0,101
2011-07-12,110,2,112
2011-07-13,132,31,163
2011-07-14,307,67,374
2011-07-15,156,623,779
2011-07-16,276,283,559
2011-07-17,383,259,642
2011-07-18,66,6,72
2011-07-19,263,67,330
2011-07-20,323,116,439
2011-07-21,356,58,414
2011-07-22,574,309,883
2011-07-23,793,309,1102
2011-07-24,277,220,497
2011-07-25,32,2,34
2011-07-26,310,102,412
2011-07-27,471,190,661
2011-07-28,332,125,457
2011-07-29,283,180,463
2011-07-30,497,477,974
2011-07-31,443,322,765
2011-08-01,40,6,46
2011-08-02,485,286,771
2011-08-03,235,224,459
2011-08-04,304,297,601
2011-08-05,282,267,549
2011-08-06,367,279,646
2011-08-07,360,291,651
2011-08-08,371,13,384
2011-08-09,228,142,370
2011-08-10,275,114,389
2011-08-11,174,206,380
2011-08-12,200,171,371
2011-08-13,561,675,1236
2011-08-14,376,232,608
2011-08-15,287,161,448
2011-08-16,160,118,278
2011-08-17,205,168,373
2011-08-18,182,200,382
2011-08-19,227,170,397
2011-08-20,568,447,1015
2011-08-21,381,304,685
2011-08-22,58,8,66
2011-08-23,151,83,234
2011-08-24,138,42,180
2011-08-25,205,103,308
2011-08-26,143,71,214
2011-08-27,501,347,848
2011-08-28,301,259,560
2011-08-29,22,5,27
2011-08-30,163,138,301
2011-08-31,435,154,589
2011-09-01,310,124,434
2011-09-02,367,52,419
2011-09-03,993,515,1508
2011-09-04,653,313,966
2011-09-05,69,2,71
2011-09-06,382,337,719
2011-09-07,92,73,165
2011-09-08,245,98,343
2011-09-09,108,94,202
2011-09-10,598,863,1461
2011-09-11,593,382,975
2011-09-12,604,602,1206
2011-09-13,764,607,1371
2011-09-14,18,9,27
2011-09-15,286,321,607
2011-09-16,500,526,1026
2011-09-17,200,354,554
2011-09-18,318,328,646
2011-09-19,14,0,14
2011-09-20,137,306,443
2011-09-21,124,185,309
2011-09-22,409,147,556
2011-09-23,871,426,1297
2011-09-24,1297,387,1684
2011-09-25,1044,267,1311
2011-09-26,87,1,88
2011-09-27,1317,258,1575
2011-09-28,1680,469,2149
2011-09-29,221,21,242
2011-09-30,507,69,576
2011-10-01,330,217,547
2011-10-02,422,252,674
2011-10-03,296,133,429
2011-10-04,753,228,981
2011-10-05,572,735,1307
2011-10-06,573,321,894
2011-10-07,316,749,1065
2011-10-08,1594,2657,4251
2011-10-09,691,453,1144
2011-10-10,56,3,59
2011-10-11,125,17,142
2011-10-12,154,298,452
2011-10-13,490,213,703
2011-10-14,139,267,406
2011-10-15,201,563,764
2011-10-16,305,211,516
2011-10-17,44,0,44
2011-10-18,148,15,163
2011-10-19,369,95,464
2011-10-20,337,262,599
2011-10-21,226,158,384
2011-10-22,1058,339,1397
2011-10-23,398,320,718
2011-10-24,16,1,17
2011-10-25,248,161,409
2011-10-26,308,36,344
2011-10-27,171,22,193
2011-10-28,268,160,428
2011-10-29,241,361,602
2011-10-30,320,255,575
2011-10-31,31,3,34
2011-11-01,148,100,248
2011-11-02,99,128,227
2011-11-03,182,70,252
2011-11-04,122,40,162
2011-11-05,376,500,876
2011-11-06,235,148,383
2011-11-07,44,17,61
2011-11-08,69,22,91
2011-11-09,153,61,214
2011-11-10,91,24,115
2011-11-11,168,91,259
2011-11-12,182,247,429
2011-11-13,215,168,383
2011-11-14,31,5,36
2011-11-15,53,13,66
2011-11-16,137,35,172
2011-11-17,85,133,218
2011-11-18,219,256,475
2011-11-19,197,584,781
2011-11-20,252,146,398
2011-11-21,27,4,31
2011-11-22,76,128,204
2011-11-23,88,233,321
2011-11-24,190,866,1056
2011-11-25,71,1006,1077
2011-11-26,124,178,302
2011-11-27,182,94,276
2011-11-28,46,8,54
2011-11-29,284,58,342
2011-11-30,259,45,304
2011-12-01,99,242,341
2011-12-02,286,173,459
2011-12-03,153,96,249
2011-12-04,320,196,516
2011-12-05,409,2,411
2011-12-06,164,1094,1258
2011-12-07,182,720,902
2011-12-08,250,161,411
2011-12-09,119,1022,1141
2011-12-10,314,757,1071
2011-12-11,320,544,864
2011-12-12,17,0,17
2011-12-13,110,709,819
2011-12-14,195,815,1010
2011-12-15,901,331,1232
2011-12-16,117,774,891
2011-12-17,256,936,1192
2011-12-18,310,292,602
2011-12-19,22,0,22
2011-12-20,111,463,574
2011-12-21,108,359,467
2011-12-22,160,113,273
2011-12-23,975,565,1540
2011-12-24,173,432,605
2011-12-25,335,305,640
2011-12-26,41,6,47
2011-12-27,211,244,455
2011-12-28,364,263,627
2011-12-29,528,341,869
2011-12-30,117,257,374
2011-12-31,220,336,556
2012-01-01,0,0,0
2012-01-02,25,0,25
2012-01-03,103,199,302
2012-01-04,146,232,378
2012-01-05,234,157,391
2012-01-06,97,251,348
2012-01-07,221,324,545
2012-01-08,227,314,541
2012-01-09,28,0,28
2012-01-10,65,215,280
2012-01-11,73,143,216
2012-01-12,139,158,297
2012-01-13,238,211,449
2012-01-14,256,418,674
2012-01-15,237,492,729
2012-01-16,31,3,34
2012-01-17,72,194,266
2012-01-18,192,271,463
2012-01-19,321,211,532
2012-01-20,107,188,295
2012-01-21,362,498,860
2012-01-22,522,634,1156
2012-01-23,599,367,966
2012-01-24,449,479,928
2012-01-25,403,36,439
2012-01-26,196,106,302
2012-01-27,146,120,266
2012-01-28,510,478,988
2012-01-29,492,232,724
2012-01-30,52,0,52
2012-01-31,135,147,282
2012-02-01,87,52,139
2012-02-02,146,73,219
2012-02-03,511,250,761
2012-02-04,633,342,975
2012-02-05,618,413,1031
2012-02-06,41,0,41
2012-02-07,377,197,574
2012-02-08,81,20,101
2012-02-09,64,62,126
2012-02-10,99,28,127
2012-02-11,212,204,416
2012-02-12,252,118,370
2012-02-13,30,0,30
2012-02-14,75,69,144
2012-02-15,238,95,333
2012-02-16,148,65,213
2012-02-17,265,106,371
2012-02-18,199,157,356
2012-02-19,198,108,306
2012-02-20,54,5,59
2012-02-21,277,178,455
2012-02-22,330,104,434
2012-02-23,455,129,584
2012-02-24,297,146,443
2012-02-25,235,202,437
2012-02-26,311,176,487
2012-02-27,55,7,62
2012-02-28,269,149,418
2012-02-29,386,161,547
2012-03-01,323,153,476
2012-03-02,114,19,133
2012-03-03,525,199,724
2012-03-04,498,136,634
2012-03-05,33,0,33
2012-03-06,164,0,164
2012-03-07,44,7,51
2012-03-08,76,1,77
2012-03-09,358,15,373
2012-03-10,203,261,464
2012-03-11,261,155,416
2012-03-12,40,2,42
2012-03-13,47,11,58
2012-03-14,70,7,77
2012-03-15,114,10,124
2012-03-16,54,8,62
2012-03-17,321,378,699
2012-03-18,256,125,381
2012-03-19,62,0,62
2012-03-20,285,8,293
2012-03-21,78,7,85
2012-03-22,155,97,252
2012-03-23,65,1,66
2012-03-24,229,220,449
2012-03-25,282,152,434
2012-03-26,305,3,308
2012-03-27,359,0,359
2012-03-28,386,271,657
2012-03-29,162,12,174
2012-03-30,190,236,426
2012-03-31,369,572,941
2012-04-01,612,175,787
2012-04-02,10,0,10
2012-04-03,51,130,181
2012-04-04,114,80,194
2012-04-05,49,123,172
2012-04-06,73,222,295
2012-04-07,489,847,1336
2012-04-08,288,493,781
2012-04-09,36,0,36
2012-04-10,112,5,117
2012-04-11,419,138,557
2012-04-12,87,219,306
2012-04-13,92,100,192
2012-04-14,245,409,654
2012-04-15,244,399,643
2012-04-16,86,7,93
2012-04-17,55,42,97
2012-04-18,190,527,717
2012-04-19,200,127,327
2012-04-20,105,201,306
2012-04-21,328,671,999
2012-04-22,202,372,574
2012-04-23,116,1,117
2012-04-24,272,417,689
2012-04-25,331,158,489
2012-04-26,107,175,282
2012-04-27,155,549,704
2012-04-28,569,1124,1693
2012-04-29,174,358,532
2012-04-30,49,2,51
2012-05-01,155,231,386
2012-05-02,47,216,263
2012-05-03,113,97,210
2012-05-04,100,586,686
2012-05-05,928,3017,3945
2012-05-06,271,844,1115
2012-05-07,57,140,197
2012-05-08,47,267,314
2012-05-09,434,272,706
2012-05-10,84,82,166
2012-05-11,403,689,1092
2012-05-12,208,503,711
2012-05-13,278,419,697
2012-05-14,18,0,18
2012-05-15,276,31,307
2012-05-16,374,79,453
2012-05-17,239,88,327
2012-05-18,138,327,465
2012-05-19,329,416,745
2012-05-20,223,108,331
2012-05-21,33,2,35
2012-05-22,89,255,344
2012-05-23,89,475,564
2012-05-24,96,149,245
2012-05-25,131,344,475
2012-05-26,314,416,730
2012-05-27,364,232,596
2012-05-28,209,125,334
2012-05-29,475,9,484
2012-05-30,1037,539,1576
2012-05-31,307,7,314
2012-06-01,74,75,149
2012-06-02,228,340,568
2012-06-03,226,163,389
2012-06-04,43,4,47
2012-06-05,271,14,285
2012-06-06,568,1199,1767
2012-06-07,385,484,869
2012-06-08,799,365,1164
2012-06-09,757,1537,2294
2012-06-10,291,671,962
2012-06-11,47,0,47
2012-06-12,226,138,364
2012-06-13,122,225,347
2012-06-14,281,124,405
2012-06-15,352,233,585
2012-06-16,317,752,1069
2012-06-17,327,663,990
2012-06-18,496,496,992
2012-06-19,456,365,821
2012-06-20,313,559,872
2012-06-21,560,668,1228
2012-06-22,138,506,644
2012-06-23,437,883,1320
2012-06-24,363,590,953
2012-06-25,34,2,36
2012-06-26,339,143,482
2012-06-27,394,264,658
2012-06-28,341,119,460
2012-06-29,122,201,323
2012-06-30,324,442,766
2012-07-01,222,459,681
2012-07-02,35,1,36
2012-07-03,51,3,54
2012-07-04,114,53,167
2012-07-05,425,4,429
2012-07-06,175,27,202
2012-07-07,254,305,559
2012-07-08,267,92,359
2012-07-09,50,1,51
2012-07-10,365,158,523
2012-07-11,81,34,115
2012-07-12,344,75,419
2012-07-13,447,465,912
2012-07-14,748,1078,1826
2012-07-15,363,213,576
2012-07-16,47,2,49
2012-07-17,99,502,601
2012-07-18,334,100,434
2012-07-19,360,28,388
2012-07-20,84,98,182
2012-07-21,233,268,501
2012-07-22,368,179,547
2012-07-23,48,7,55
2012-07-24,128,295,423
2012-07-25,402,111,513
2012-07-26,438,189,627
2012-07-27,364,258,622
2012-07-28,382,381,763
2012-07-29,276,148,424
2012-07-30,24,4,28
2012-07-31,205,179,384
2012-08-01,215,212,427
2012-08-02,236,199,435
2012-08-03,262,240,502
2012-08-04,385,294,679
2012-08-05,374,323,697
2012-08-06,38,1,39
2012-08-07,169,155,324
2012-08-08,171,162,333
2012-08-09,216,155,371
2012-08-10,180,117,297
2012-08-11,274,348,622
2012-08-12,401,215,616
2012-08-13,33,2,35
2012-08-14,212,417,629
2012-08-15,422,893,1315
2012-08-16,177,329,506
2012-08-17,166,366,532
2012-08-18,561,834,1395
2012-08-19,366,679,1045
2012-08-20,38,7,45
2012-08-21,97,106,203
2012-08-22,91,165,256
2012-08-23,96,101,197
2012-08-24,89,134,223
2012-08-25,196,407,603
2012-08-26,329,453,782
2012-08-27,64,39,103
2012-08-28,34,34,68
2012-08-29,347,159,506
2012-08-30,93,99,192
2012-08-31,810,542,1352
2012-09-01,350,688,1038
2012-09-02,306,602,908
2012-09-03,64,4,68
2012-09-04,44,74,118
2012-09-05,426,329,755
2012-09-06,424,218,642
2012-09-07,144,453,597
2012-09-08,1554,1013,2567
2012-09-09,266,552,818
2012-09-10,47,3,50
2012-09-11,266,945,1211
2012-09-12,302,255,557
2012-09-13,298,307,605
2012-09-14,82,747,829
2012-09-15,878,822,1700
2012-09-16,821,412,1233
2012-09-17,13,0,13
2012-09-18,237,130,367
2012-09-19,232,70,302
2012-09-20,161,94,255
2012-09-21,110,562,672
2012-09-22,600,1049,1649
2012-09-23,269,249,518
2012-09-24,222,250,472
2012-09-25,256,220,476
2012-09-26,350,625,975
2012-09-27,354,43,397
2012-09-28,87,50,137
2012-09-29,285,311,596
2012-09-30,436,251,687
2012-10-01,550,326,876
2012-10-02,89,27,116
2012-10-03,347,248,595
2012-10-04,372,185,557
2012-10-05,109,171,280
2012-10-06,252,212,464
2012-10-07,240,241,481
2012-10-08,91,3,94
2012-10-09,394,278,672
2012-10-10,513,308,821
2012-10-11,484,284,768
2012-10-12,415,503,918
2012-10-13,901,680,1581
2012-10-14,590,319,909
2012-10-15,72,76,148
2012-10-16,175,740,915
2012-10-17,236,59,295
2012-10-18,381,132,513
2012-10-19,326,130,456
2012-10-20,323,345,668
2012-10-21,347,260,607
2012-10-22,664,0,664
2012-10-23,198,220,418
2012-10-24,119,169,288
2012-10-25,288,185,473
2012-10-26,98,296,394
2012-10-27,712,1672,2384
2012-10-28,1267,5106,6373
2012-10-29,1309,4,1313
2012-10-30,182,12,194
2012-10-31,811,41,852
2012-11-01,380,115,495
2012-11-02,180,92,272
2012-11-03,684,310,994
2012-11-04,684,191,875
2012-11-05,40,4,44
2012-11-06,109,11,120
2012-11-07,218,83,301
2012-11-08,356,67,423
2012-11-09,670,192,862
2012-11-10,856,392,1248
2012-11-11,890,208,1098
2012-11-12,35,0,35
2012-11-13,562,17,579
2012-11-14,302,89,391
2012-11-15,863,439,1302
2012-11-16,486,345,831
2012-11-17,1081,429,1510
2012-11-18,503,206,709
2012-11-19,48,0,48
2012-11-20,161,164,325
2012-11-21,390,117,507
2012-11-22,496,22,518
2012-11-23,986,404,1390
2012-11-24,1174,354,1528
2012-11-25,673,223,896
2012-11-26,51,0,51
2012-11-27,309,225,534
2012-11-28,1476,178,1654
2012-11-29,403,298,701
2012-11-30,379,28,407
2012-12-01,899,306,1205
2012-12-02,794,179,973
2012-12-03,22,0,22
2012-12-04,83,638,721
2012-12-05,251,107,358
2012-12-06,100,1288,1388
2012-12-07,261,95,356
2012-12-08,1001,443,1444
2012-12-09,449,115,564
2012-12-10,280,0,280
2012-12-11,178,5,183
2012-12-12,260,128,388
2012-12-13,210,264,474
2012-12-14,342,60,402
2012-12-15,642,263,905
2012-12-16,445,207,652
2012-12-17,490,25,515
2012-12-18,80,1052,1132
2012-12-19,285,57,342
2012-12-20,224,732,956
2012-12-21,218,106,324
2012-12-22,269,358,627
2012-12-23,133,164,297
2012-12-24,33,2,35
2012-12-25,152,119,271
2012-12-26,419,745,1164
2012-12-27,77,547,624
2012-12-28,310,27,337
2012-12-29,194,409,603
2012-12-30,240,434,674
2012-12-31,0,0,0
2013-01-01,0,0,0
2013-01-02,55,109,164
2013-01-03,164,204,368
2013-01-04,96,167,263
2013-01-05,187,317,504
2013-01-06,485,173,658
2013-01-07,18,0,18
2013-01-08,72,113,185
2013-01-09,83,234,317
2013-01-10,148,390,538
2013-01-11,51,83,134
2013-01-12,248,541,789
2013-01-13,296,562,858
2013-01-14,309,11,320
2013-01-15,434,46,480
2013-01-16,55,178,233
2013-01-17,180,336,516
2013-01-18,237,226,463
2013-01-19,239,480,719
2013-01-20,247,502,749
2013-01-21,28,0,28
2013-01-22,84,197,281
2013-01-23,51,70,121
2013-01-24,429,572,1001
2013-01-25,89,126,215
2013-01-26,279,578,857
2013-01-27,398,682,1080
2013-01-28,315,167,482
2013-01-29,279,387,666
2013-01-30,299,117,416
2013-01-31,192,309,501
2013-02-01,152,220,372
2013-02-02,608,938,1546
2013-02-03,441,743,1184
2013-02-04,412,113,525
2013-02-05,233,249,482
2013-02-06,162,222,384
2013-02-07,132,64,196
2013-02-08,97,86,183
2013-02-09,764,1155,1919
2013-02-10,656,733,1389
2013-02-11,402,556,958
2013-02-12,98,50,148
2013-02-13,189,182,371
2013-02-14,237,208,445
2013-02-15,424,465,889
2013-02-16,684,711,1395
2013-02-17,396,595,991
2013-02-18,347,188,535
2013-02-19,305,251,556
2013-02-20,521,234,755
2013-02-21,754,408,1162
2013-02-22,316,280,596
2013-02-23,1173,1715,2888
2013-02-24,950,1114,2064
2013-02-25,75,30,105
2013-02-26,229,244,473
2013-02-27,447,315,762
2013-02-28,283,268,551
2013-03-01,925,1127,2052
2013-03-02,571,773,1344
2013-03-03,251,490,741
2013-03-04,35,0,35
2013-03-05,70,66,136
2013-03-06,70,85,155
2013-03-07,135,12,147
2013-03-08,109,3,112
2013-03-09,379,823,1202
2013-03-10,339,654,993
2013-03-11,40,0,40
2013-03-12,159,11,170
2013-03-13,152,13,165
2013-03-14,488,14,502
2013-03-15,205,18,223
2013-03-16,371,647,1018
2013-03-17,345,553,898
2013-03-18,58,0,58
2013-03-19,180,8,188
2013-03-20,111,200,311
2013-03-21,134,90,224
2013-03-22,220,3,223
2013-03-23,391,812,1203
2013-03-24,269,464,733
2013-03-25,55,0,55
2013-03-26,993,69,1062
2013-03-27,348,216,564
2013-03-28,303,153,456
2013-03-29,233,199,432
2013-03-30,416,824,1240
2013-03-31,355,599,954
2013-04-01,36,1,37
2013-04-02,1353,8,1361
2013-04-03,330,3,333
2013-04-04,198,5,203
2013-04-05,158,30,188
2013-04-06,432,847,1279
2013-04-07,382,626,1008
2013-04-08,56,0,56
2013-04-09,798,72,870
2013-04-10,110,351,461
2013-04-11,326,153,479
2013-04-12,496,1039,1535
2013-04-13,964,2307,3271
2013-04-14,451,860,1311
2013-04-15,46,0,46
2013-04-16,1304,217,1521
2013-04-17,108,829,937
2013-04-18,189,156,345
2013-04-19,336,112,448
2013-04-20,792,1028,1820
2013-04-21,238,419,657
2013-04-22,53,2,55
2013-04-23,1180,108,1288
2013-04-24,421,178,599
2013-04-25,1146,353,1499
2013-04-26,659,605,1264
2013-04-27,1460,2295,3755
2013-04-28,735,1021,1756
2013-04-29,363,0,363
2013-04-30,1049,77,1126
2013-05-01,192,625,817
2013-05-02,158,94,252
2013-05-03,126,460,586
2013-05-04,307,1110,1417
2013-05-05,1259,3194,4453
2013-05-06,348,176,524
2013-05-07,971,17,988
2013-05-08,86,99,185
2013-05-09,616,181,797
2013-05-10,572,170,742
2013-05-11,742,841,1583
2013-05-12,250,473,723
2013-05-13,960,1,961
2013-05-14,134,241,375
2013-05-15,211,472,683
2013-05-16,241,774,1015
2013-05-17,799,1033,1832
2013-05-18,982,1302,2284
2013-05-19,689,1101,1790
2013-05-20,43,2,45
2013-05-21,929,140,1069
2013-05-22,319,916,1235
2013-05-23,540,221,761
2013-05-24,343,137,480
2013-05-25,817,1047,1864
2013-05-26,1227,1130,2357
2013-05-27,13,0,13
2013-05-28,823,84,907
2013-05-29,432,152,584
2013-05-30,347,110,457
2013-05-31,136,185,321
2013-06-01,372,678,1050
2013-06-02,409,608,1017
2013-06-03,389,11,400
2013-06-04,913,430,1343
2013-06-05,176,187,363
2013-06-06,253,559,812
2013-06-07,294,409,703
2013-06-08,758,1077,1835
2013-06-09,275,547,822
2013-06-10,219,5,224
2013-06-11,1022,456,1478
2013-06-12,338,206,544
2013-06-13,333,178,511
2013-06-14,315,243,558
2013-06-15,325,687,1012
2013-06-16,303,580,883
2013-06-17,630,929,1559
2013-06-18,725,68,793
2013-06-19,131,191,322
2013-06-20,474,187,661
2013-06-21,267,129,396
2013-06-22,772,833,1605
2013-06-23,441,621,1062
2013-06-24,20,0,20
2013-06-25,1257,299,1556
2013-06-26,257,147,404
2013-06-27,221,75,296
2013-06-28,197,910,1107
2013-06-29,266,606,872
2013-06-30,271,528,799
2013-07-01,130,0,130
2013-07-02,881,147,1028
2013-07-03,448,238,686
2013-07-04,364,118,482
2013-07-05,225,305,530
2013-07-06,343,728,1071
2013-07-07,773,302,1075
2013-07-08,428,20,448
2013-07-09,831,905,1736
2013-07-10,379,142,521
2013-07-11,335,873,1208
2013-07-12,159,1565,1724
2013-07-13,538,977,1515
2013-07-14,423,747,1170
2013-07-15,154,0,154
2013-07-16,386,139,525
2013-07-17,179,279,458
2013-07-18,479,328,807
2013-07-19,542,509,1051
2013-07-20,669,1080,1749
2013-07-21,381,707,1088
2013-07-22,12,0,12
2013-07-23,910,520,1430
2013-07-24,458,344,802
2013-07-25,378,244,622
2013-07-26,774,546,1320
2013-07-27,877,968,1845
2013-07-28,566,964,1530
2013-07-29,54,2,56
2013-07-30,931,496,1427
2013-07-31,652,670,1322
2013-08-01,199,432,631
2013-08-02,424,667,1091
2013-08-03,544,867,1411
2013-08-04,383,706,1089
2013-08-05,42,2,44
2013-08-06,683,481,1164
2013-08-07,337,384,721
2013-08-08,177,346,523
2013-08-09,303,384,687
2013-08-10,406,876,1282
2013-08-11,401,785,1186
2013-08-12,149,2,151
2013-08-13,"1,215",503,1718
2013-08-14,324,425,749
2013-08-15,437,761,1198
2013-08-16,441,472,913
2013-08-17,530,"1,008",1538
2013-08-18,412,701,1113
2013-08-19,29, - ,29
2013-08-20,299,298,597
2013-08-21,289,180,469
2013-08-22,640,292,932
2013-08-23,370,191,561
2013-08-24,844,"1,239",2083
2013-08-25,446,828,1274
2013-08-26,166, - ,166
2013-08-27,"1,291",228,1519
2013-08-28,384,229,613
2013-08-29,277,114,391
2013-08-30,464,211,675
2013-08-31,532,576,1108
2013-09-01,247,462,709
2013-09-02,68,14,82
2013-09-03,365,228,593
2013-09-04,266,556,822
2013-09-05,246,247,493
2013-09-06,94,499,593
2013-09-07,255,656,911
2013-09-08,277,609,886
2013-09-09,321,15,336
2013-09-10,1333,700,2033
2013-09-11,286,855,1141
2013-09-12,308,716,1024
2013-09-13,52,607,659
2013-09-14,711,1779,2490
2013-09-15,228,501,729
2013-09-16,13,170,183
2013-09-17,184,455,639
2013-09-18,383,614,997
2013-09-19,402,767,1169
2013-09-20,457,780,1237
2013-09-21,446,703,1149
2013-09-22,258,545,803
2013-09-23,50,2,52
2013-09-24,621,301,922
2013-09-25,483,909,1392
2013-09-26,305,656,961
2013-09-27,103,902,1005
2013-09-28,269,616,885
2013-09-29,298,564,862
2013-09-30,105,0,105
2013-10-01,180,235,415
2013-10-02,107,182,289
2013-10-03,317,533,850
2013-10-04,178,368,546
2013-10-05,323,569,892
2013-10-06,363,600,963
2013-10-07,178,7,185
2013-10-08,691,581,1272
2013-10-09,462,683,1145
2013-10-10,303,470,773
2013-10-11,86,111,197
2013-10-12,544,999,1543
2013-10-13,327,626,953
2013-10-14,23,0,23
2013-10-15,612,276,888
2013-10-16,339,458,797
2013-10-17,464,184,648
2013-10-18,173,933,1106
2013-10-19,500,731,1231
2013-10-20,328,660,988
2013-10-21,151,4,155
2013-10-22,801,172,973
2013-10-23,291,413,704
2013-10-24,570,341,911
2013-10-25,329,380,709
2013-10-26,345,890,1235
2013-10-27,390,655,1045
2013-10-28,95,2,97
2013-10-29,957,158,1115
2013-10-30,628,353,981
2013-10-31,447,261,708
2013-11-01,97,333,430
2013-11-02,588,493,1081
2013-11-03,332,603,935
2013-11-04,456,17,473
2013-11-05,1246,153,1399
2013-11-06,405,377,782
2013-11-07,241,249,490
2013-11-08,243,250,493
2013-11-09,335,760,1095
2013-11-10,328,631,959
2013-11-11,73,0,73
2013-11-12,990,411,1401
2013-11-13,246,236,482
2013-11-14,141,876,1017
2013-11-15,122,570,692
2013-11-16,388,831,1219
2013-11-17,260,441,701
2013-11-18,759,3,762
2013-11-19,192,111,303
2013-11-20,100,520,620
2013-11-21,234,227,461
2013-11-22,119,1158,1277
2013-11-23,493,1079,1572
2013-11-24,308,534,842
2013-11-25,206,0,206
2013-11-26,721,114,835
2013-11-27,305,354,659
2013-11-28,112,606,718
2013-11-29,65,894,959
2013-11-30,479,656,1135
2013-12-01,229,395,624
2013-12-02,47,0,47
2013-12-03,939,194,1133
2013-12-04,207,128,335
2013-12-05,135,1047,1182
2013-12-06,121,147,268
2013-12-07,633,856,1489
2013-12-08,249,478,727
2013-12-09,29,0,29
2013-12-10,1152,166,1318
2013-12-11,180,888,1068
2013-12-12,110,983,1093
2013-12-13,44,1115,1159
2013-12-14,278,620,898
2013-12-15,148,253,401
2013-12-16,332,135,467
2013-12-17,1472,676,2148
2013-12-18,440,1578,2018
2013-12-19,75,478,553
2013-12-20,126,363,489
2013-12-21,219,441,660
2013-12-22,245,410,655
2013-12-23,227,107,334
2013-12-24,650,168,818
2013-12-25,510,670,1180
2013-12-26,166,194,360
2013-12-27,234,235,469
2013-12-28,230,558,788
2013-12-29,248,356,604
2013-12-30,50,0,50
2013-12-31,132,186,318
2014-01-01,0,0,0
2014-01-02,55,109,164
2014-01-03,164,204,368
2014-01-04,96,167,263
2014-01-05,187,317,504
2014-01-06,485,173,658
2014-01-07,18,0,18
2014-01-08,72,113,185
2014-01-09,83,234,317
2014-01-10,148,390,538
2014-01-11,51,83,134
2014-01-12,248,541,789
2014-01-13,296,562,858
2014-01-14,309,11,320
2014-01-15,434,46,480
2014-01-16,55,178,233
2014-01-17,180,336,516
2014-01-18,237,226,463
2014-01-19,239,480,719
2014-01-20,247,502,749
2014-01-21,28,0,28
2014-01-22,84,197,281
2014-01-23,51,70,121
2014-01-24,429,572,1001
2014-01-25,89,126,215
2014-01-26,279,578,857
2014-01-27,398,682,1080
2014-01-28,315,167,482
2014-01-29,279,387,666
2014-01-30,299,117,416
2014-01-31,192,309,501
2014-02-01,152,220,372
2014-02-02,608,938,1546
2014-02-03,441,743,1184
2014-02-04,412,113,525
2014-02-05,233,249,482
2014-02-06,162,222,384
2014-02-07,132,64,196
2014-02-08,97,86,183
2014-02-09,764,1155,1919
2014-02-10,656,733,1389
2014-02-11,402,556,958
2014-02-12,98,50,148
2014-02-13,189,182,371
2014-02-14,237,208,445
2014-02-15,424,465,889
2014-02-16,684,711,1395
2014-02-17,396,595,991
2014-02-18,347,188,535
2014-02-19,305,251,556
2014-02-20,521,234,755
2014-02-21,754,408,1162
2014-02-22,316,280,596
2014-02-23,1173,1715,2888
2014-02-24,950,1114,2064
2014-02-25,75,30,105
2014-02-26,229,244,473
2014-02-27,447,315,762
2014-02-28,283,268,551
2014-03-01,925,1127,2052
2014-03-02,571,773,1344
2014-03-03,251,490,741
2014-03-04,35,0,35
2014-03-05,70,66,136
2014-03-06,70,85,155
2014-03-07,135,12,147
2014-03-08,109,3,112
2014-03-09,379,823,1202
2014-03-10,339,654,993
2014-03-11,40,0,40
2014-03-12,159,11,170
2014-03-13,152,13,165
2014-03-14,488,14,502
2014-03-15,205,18,223
2014-03-16,371,647,1018
2014-03-17,345,553,898
2014-03-18,58,0,58
2014-03-19,180,8,188
2014-03-20,111,200,311
2014-03-21,134,90,224
2014-03-22,220,3,223
2014-03-23,391,812,1203
2014-03-24,269,464,733
2014-03-25,55,0,55
2014-03-26,993,69,1062
2014-03-27,348,216,564
2014-03-28,303,153,456
2014-03-29,233,199,432
2014-03-30,416,824,1240
2014-03-31,355,599,954
2014-04-01,36,1,37
2014-04-02,1353,8,1361
2014-04-03,330,3,333
2014-04-04,198,5,203
2014-04-05,158,30,188
2014-04-06,432,847,1279
2014-04-07,382,626,1008
2014-04-08,56,0,56
2014-04-09,798,72,870
2014-04-10,110,351,461
2014-04-11,326,153,479
2014-04-12,496,1039,1535
2014-04-13,964,2307,3271
2014-04-14,451,860,1311
2014-04-15,46,0,46
2014-04-16,1304,217,1521
2014-04-17,108,829,937
2014-04-18,189,156,345
2014-04-19,336,112,448
2014-04-20,792,1028,1820
2014-04-21,238,419,657
2014-04-22,53,2,55
2014-04-23,1180,108,1288
2014-04-24,421,178,599
2014-04-25,1146,353,1499
2014-04-26,659,605,1264
2014-04-27,1460,2295,3755
2014-04-28,735,1021,1756
2014-04-29,363,0,363
2014-04-30,1049,77,1126
2014-05-01,192,625,817
2014-05-02,158,94,252
2014-05-03,126,460,586
2014-05-04,307,1110,1417
2014-05-05,1259,3194,4453
2014-05-06,348,176,524
2014-05-07,971,17,988
2014-05-08,86,99,185
2014-05-09,616,181,797
2014-05-10,572,170,742
2014-05-11,742,841,1583
2014-05-12,250,473,723
2014-05-13,960,1,961
2014-05-14,134,241,375
2014-05-15,211,472,683
2014-05-16,241,774,1015
2014-05-17,799,1033,1832
2014-05-18,982,1302,2284
2014-05-19,689,1101,1790
2014-05-20,43,2,45
2014-05-21,929,140,1069
2014-05-22,319,916,1235
2014-05-23,540,221,761
2014-05-24,343,137,480
2014-05-25,817,1047,1864
2014-05-26,1227,1130,2357
2014-05-27,13,0,13
2014-05-28,823,84,907
2014-05-29,432,152,584
2014-05-30,347,110,457
2014-05-31,136,185,321
2014-06-01,372,678,1050
2014-06-02,409,608,1017
2014-06-03,389,11,400
2014-06-04,913,430,1343
2014-06-05,176,187,363
2014-06-06,253,559,812
2014-06-07,294,409,703
2014-06-08,758,1077,1835
2014-06-09,275,547,822
2014-06-10,219,5,224
2014-06-11,1022,456,1478
2014-06-12,338,206,544
2014-06-13,333,178,511
2014-06-14,315,243,558
2014-06-15,325,687,1012
2014-06-16,303,580,883
2014-06-17,630,929,1559
2014-06-18,725,68,793
2014-06-19,131,191,322
2014-06-20,474,187,661
2014-06-21,267,129,396
2014-06-22,772,833,1605
2014-06-23,441,621,1062
2014-06-24,20,0,20
2014-06-25,1257,299,1556
2014-06-26,257,147,404
2014-06-27,221,75,296
2014-06-28,197,910,1107
2014-06-29,266,606,872
2014-06-30,271,528,799
2014-07-01,130,0,130
2014-07-02,881,147,1028
2014-07-03,448,238,686
2014-07-04,364,118,482
2014-07-05,225,305,530
2014-07-06,343,728,1071
2014-07-07,773,302,1075
2014-07-08,428,20,448
2014-07-09,831,905,1736
2014-07-10,379,142,521
2014-07-11,335,873,1208
2014-07-12,159,1565,1724
2014-07-13,538,977,1515
2014-07-14,423,747,1170
2014-07-15,154,0,154
2014-07-16,386,139,525
2014-07-17,179,279,458
2014-07-18,479,328,807
2014-07-19,542,509,1051
2014-07-20,669,1080,1749
2014-07-21,381,707,1088
2014-07-22,12,0,12
2014-07-23,910,520,1430
2014-07-24,458,344,802
2014-07-25,378,244,622
2014-07-26,774,546,1320
2014-07-27,877,968,1845
2014-07-28,566,964,1530
2014-07-29,54,2,56
2014-07-30,931,496,1427
2014-07-31,652,670,1322
2014-08-01,199,432,631
2014-08-02,424,667,1091
2014-08-03,544,867,1411
2014-08-04,383,706,1089
2014-08-05,42,2,44
2014-08-06,683,481,1164
2014-08-07,337,384,721
2014-08-08,177,346,523
2014-08-09,303,384,687
2014-08-10,406,876,1282
2014-08-11,401,785,1186
2014-08-12,149,2,151
2014-08-13,1215,503,1718
2014-08-14,324,425,749
2014-08-15,437,761,1198
2014-08-16,441,472,913
2014-08-17,530,1008,1538
2014-08-18,412,701,1113
2014-08-19,29,0,29
2014-08-20,299,298,597
2014-08-21,289,180,469
2014-08-22,640,292,932
2014-08-23,370,191,561
2014-08-24,844,1239,2083
2014-08-25,446,828,1274
2014-08-26,166,0,166
2014-08-27,1291,228,1519
2014-08-28,384,229,613
2014-08-29,277,114,391
2014-08-30,464,211,675
2014-08-31,532,576,1108
2014-09-01,247,462,709
2014-09-02,68,14,82
2014-09-03,365,228,593
2014-09-04,266,556,822
2014-09-05,246,247,493
2014-09-06,94,499,593
2014-09-07,255,656,911
2014-09-08,277,609,886
2014-09-09,321,15,336
2014-09-10,1333,700,2033
2014-09-11,286,855,1141
2014-09-12,308,716,1024
2014-09-13,52,607,659
2014-09-14,711,1779,2490
2014-09-15,228,501,729
2014-09-16,13,170,183
2014-09-17,184,455,639
2014-09-18,383,614,997
2014-09-19,402,767,1169
2014-09-20,457,780,1237
2014-09-21,446,703,1149
2014-09-22,258,545,803
2014-09-23,50,2,52
2014-09-24,621,301,922
2014-09-25,483,909,1392
2014-09-26,305,656,961
2014-09-27,103,902,1005
2014-09-28,269,616,885
2014-09-29,298,564,862
2014-09-30,105,0,105
2014-10-01,180,235,415
2014-10-02,107,182,289
2014-10-03,317,533,850
2014-10-04,178,368,546
2014-10-05,323,569,892
2014-10-06,363,600,963
2014-10-07,178,7,185
2014-10-08,691,581,1272
2014-10-09,462,683,1145
2014-10-10,303,470,773
2014-10-11,86,111,197
2014-10-12,544,999,1543
2014-10-13,327,626,953
2014-10-14,23,0,23
2014-10-15,612,276,888
2014-10-16,339,458,797
2014-10-17,464,184,648
2014-10-18,173,933,1106
2014-10-19,500,731,1231
2014-10-20,328,660,988
2014-10-21,151,4,155
2014-10-22,801,172,973
2014-10-23,291,413,704
2014-10-24,570,341,911
2014-10-25,329,380,709
2014-10-26,345,890,1235
2014-10-27,390,655,1045
2014-10-28,95,2,97
2014-10-29,957,158,1115
2014-10-30,628,353,981
2014-10-31,447,261,708
2014-11-01,97,333,430
2014-11-02,588,493,1081
2014-11-03,332,603,935
2014-11-04,456,17,473
2014-11-05,1246,153,1399
2014-11-06,405,377,782
2014-11-07,241,249,490
2014-11-08,243,250,493
2014-11-09,335,760,1095
2014-11-10,328,631,959
2014-11-11,73,0,73
2014-11-12,990,411,1401
2014-11-13,246,236,482
2014-11-14,141,876,1017
2014-11-15,122,570,692
2014-11-16,388,831,1219
2014-11-17,260,441,701
2014-11-18,759,3,762
2014-11-19,192,111,303
2014-11-20,100,520,620
2014-11-21,234,227,461
2014-11-22,119,1158,1277
2014-11-23,493,1079,1572
2014-11-24,308,534,842
2014-11-25,206,0,206
2014-11-26,721,114,835
2014-11-27,305,354,659
2014-11-28,112,606,718
2014-11-29,65,894,959
2014-11-30,479,656,1135
2014-12-01,229,395,624
2014-12-02,47,0,47
2014-12-03,939,194,1133
2014-12-04,207,128,335
2014-12-05,135,1047,1182
2014-12-06,121,147,268
2014-12-07,633,856,1489
2014-12-08,249,478,727
2014-12-09,29,0,29
2014-12-10,1152,166,1318
2014-12-11,180,888,1068
2014-12-12,110,983,1093
2014-12-13,44,1115,1159
2014-12-14,278,620,898
2014-12-15,148,253,401
2014-12-16,332,135,467
2014-12-17,1472,676,2148
2014-12-18,440,1578,2018
2014-12-19,75,478,553
2014-12-20,126,363,489
2014-12-21,219,441,660
2014-12-22,245,410,655
2014-12-23,227,107,334
2014-12-24,650,168,818
2014-12-25,510,670,1180
2014-12-26,166,194,360
2014-12-27,234,235,469
2014-12-28,230,558,788
2014-12-29,248,356,604
2014-12-30,50,0,50
2014-12-31,132,186,318
2015-01-01,0,0,0
2015-01-02,209,317,526
2015-01-03,311,499,810
2015-01-04,189,276,465
2015-01-05,18,0,18
2015-01-06,1148,222,1370
2015-01-07,248,265,513
2015-01-08,85,154,239
2015-01-09,137,289,426
2015-01-10,278,576,854
2015-01-11,316,440,756
2015-01-12,95,0,95
2015-01-13,1063,182,1245
2015-01-14,290,196,486
2015-01-15,299,242,541
2015-01-16,211,279,490
2015-01-17,294,457,751
2015-01-18,315,518,833
2015-01-19,75,1,76
2015-01-20,1072,194,1266
2015-01-21,338,337,675
2015-01-22,174,288,462
2015-01-23,268,349,617
2015-01-24,372,717,1089
2015-01-25,314,519,833
2015-01-26,65,9,74
2015-01-27,1170,357,1527
2015-01-28,466,163,629
2015-01-29,171,318,489
2015-01-30,230,297,527
2015-01-31,657,877,1534
2015-02-01,612,939,1551
2015-02-02,22,0,22
2015-02-03,836,468,1304
2015-02-04,402,501,903
2015-02-05,307,422,729
2015-02-06,349,528,877
2015-02-07,624,623,1247
2015-02-08,608,649,1257
2015-02-09,21,0,21
2015-02-10,1223,475,1698
2015-02-11,236,355,591
2015-02-12,395,393,788
2015-02-13,400,546,946
2015-02-14,731,1017,1748
2015-02-15,497,889,1386
2015-02-16,45,0,45
2015-02-17,368,359,727
2015-02-18,490,520,1010
2015-02-19,793,717,1510
2015-02-20,1015,915,1930
2015-02-21,779,761,1540
2015-02-22,676,712,1388
2015-02-23,67,3,70
2015-02-24,979,273,1252
2015-02-25,931,739,1670
2015-02-26,360,350,710
2015-02-27,297,261,558
2015-02-28,927,910,1837
2015-03-01,877,752,1629
2015-03-02,28,0,28
2015-03-03,735,39,774
2015-03-04,447,149,596
2015-03-05,316,166,482
2015-03-06,229,118,347
2015-03-07,558,546,1104
2015-03-08,655,598,1253
2015-03-09,29,0,29
2015-03-10,837,32,869
2015-03-11,540,44,584
2015-03-12,84,46,130
2015-03-13,308,66,374
2015-03-14,437,658,1095
2015-03-15,376,419,795
2015-03-16,89,0,89
2015-03-17,928,35,963
2015-03-18,187,183,370
2015-03-19,128,80,208
2015-03-20,120,83,203
2015-03-21,395,404,799
2015-03-22,421,392,813
2015-03-23,48,3,51
2015-03-24,1002,104,1106
2015-03-25,514,140,654
2015-03-26,172,94,266
2015-03-27,166,163,329
2015-03-28,582,692,1274
2015-03-29,312,344,656
2015-03-30,21,17,38
2015-03-31,879,23,902
2015-04-01,226,58,284
2015-04-02,176,26,202
2015-04-03,165,83,248
2015-04-04,402,395,797
2015-04-05,326,292,618
2015-04-06,37,2,39
2015-04-07,891,28,919
2015-04-08,407,78,485
2015-04-09,78,61,139
2015-04-10,255,101,356
2015-04-11,558,507,1065
2015-04-12,233,297,530
2015-04-13,54,0,54
2015-04-14,443,68,511
2015-04-15,389,30,419
2015-04-16,240,74,314
2015-04-17,229,117,346
2015-04-18,452,494,946
2015-04-19,297,224,521
2015-04-20,92,0,92
2015-04-21,1222,30,1252
2015-04-22,147,96,243
2015-04-23,135,351,486
2015-04-24,365,226,591
2015-04-25,344,440,784
2015-04-26,294,285,579
2015-04-27,48,0,48
2015-04-28,1374,80,1454
2015-04-29,896,43,939
2015-04-30,187,164,351
2015-05-01,317,360,677
2015-05-02,478,368,846
2015-05-03,519,455,974
2015-05-04,30,20,50
2015-05-05,1314,1425,2739
2015-05-06,333,18,351
2015-05-07,72,15,87
2015-05-08,131,86,217
2015-05-09,816,492,1308
2015-05-10,268,303,571
2015-05-11,114,3,117
2015-05-12,1385,304,1689
2015-05-13,307,272,579
2015-05-14,441,260,701
2015-05-15,260,65,325
2015-05-16,303,323,626
2015-05-17,285,238,523
2015-05-18,93,80,173
2015-05-19,541,278,819
2015-05-20,443,243,686
2015-05-21,639,116,755
2015-05-22,482,418,900
2015-05-23,356,481,837
2015-05-24,387,369,756
2015-05-25,323,346,669
2015-05-26,876,1,877
2015-05-27,1517,353,1870
2015-05-28,351,180,531
2015-05-29,360,186,546
2015-05-30,299,372,671
2015-05-31,372,401,773
2015-06-01,64,0,64
2015-06-02,728,33,761
2015-06-03,271,195,466
2015-06-04,395,58,453
2015-06-05,130,28,158
2015-06-06,247,228,475
2015-06-07,188,199,387
2015-06-08,26,0,26
2015-06-09,77,22,99
2015-06-10,98,71,169
2015-06-11,306,30,336
2015-06-12,137,164,301
2015-06-13,207,202,409
2015-06-14,129,143,272
2015-06-15,0,0,0
2015-06-16,81,26,107
2015-06-17,127,16,143
2015-06-18,293,24,317
2015-06-19,67,22,89
2015-06-20,205,270,475
2015-06-21,184,180,364
2015-06-22,0,0,0
2015-06-23,77,50,127
2015-06-24,351,25,376
2015-06-25,84,12,96
2015-06-26,172,13,185
2015-06-27,328,461,789
2015-06-28,349,320,669
2015-06-29,0,0,0
2015-06-30,212,29,241
2015-07-01,105,30,135
2015-07-02,360,28,388
2015-07-03,113,192,305
2015-07-04,347,364,711
2015-07-05,237,227,464
2015-07-06,0,0,0
2015-07-07,223,311,534
2015-07-08,165,14,179
2015-07-09,306,77,383
2015-07-10,219,327,546
2015-07-11,325,364,689
2015-07-12,460,445,905
2015-07-13,0,0,0
2015-07-14,890,200,1090
2015-07-15,154,29,183
2015-07-16,377,96,473
2015-07-17,124,275,399
2015-07-18,290,314,604
2015-07-19,376,338,714
2015-07-20,0,0,0
2015-07-21,755,85,840
2015-07-22,151,68,219
2015-07-23,177,91,268
2015-07-24,287,88,375
2015-07-25,437,473,910
2015-07-26,517,434,951
2015-07-27,245,0,245
2015-07-28,1057,412,1469
2015-07-29,875,453,1328
2015-07-30,254,260,514
2015-07-31,267,338,605
2015-08-01,629,466,1095
2015-08-02,437,416,853
2015-08-03,124,0,124
2015-08-04,880,239,1119
2015-08-05,378,266,644
2015-08-06,454,328,782
2015-08-07,371,219,590
2015-08-08,493,521,1014
2015-08-09,628,504,1132
2015-08-10,0,0,0
2015-08-11,1124,95,1219
2015-08-12,413,160,573
2015-08-13,508,163,671
2015-08-14,447,333,780
2015-08-15,707,627,1334
2015-08-16,317,318,635
2015-08-17,0,0,0
2015-08-18,202,141,343
2015-08-19,181,101,282
2015-08-20,273,115,388
2015-08-21,315,48,363
2015-08-22,978,981,1959
2015-08-23,362,322,684
2015-08-24,0,0,0
2015-08-25,476,35,511
2015-08-26,763,623,1386
2015-08-27,143,34,177
2015-08-28,353,98,451
2015-08-29,409,451,860
2015-08-30,263,214,477
2015-08-31,0,0,0
2015-09-01,992,623,1615
2015-09-02,86,259,345
2015-09-03,101,262,363
2015-09-04,90,273,363
2015-09-05,490,483,973
2015-09-06,326,346,672
2015-09-07,0,0,0
2015-09-08,909,524,1433
2015-09-09,459,544,1003
2015-09-10,448,288,736
2015-09-11,368,479,847
2015-09-12,747,675,1422
2015-09-13,250,281,531
2015-09-14,0,0,0
2015-09-15,1209,248,1457
2015-09-16,389,484,873
2015-09-17,460,668,1128
2015-09-18,403,595,998
2015-09-19,348,523,871
2015-09-20,314,413,727
2015-09-21,0,0,0
2015-09-22,225,134,359
2015-09-23,529,201,730
2015-09-24,319,50,369
2015-09-25,73,152,225
2015-09-26,321,347,668
2015-09-27,614,478,1092
2015-09-28,439,369,808
2015-09-29,389,416,805
2015-09-30,569,688,1257
2015-10-01,134,0,134
2015-10-02,111,327,438
2015-10-03,388,285,673
2015-10-04,277,274,551
2015-10-05,0,0,0
2015-10-06,1112,515,1627
2015-10-07,412,386,798
2015-10-08,452,146,598
2015-10-09,295,330,625
2015-10-10,657,709,1366
2015-10-11,355,346,701
2015-10-12,780,780,1560
2015-10-13,1422,195,1617
2015-10-14,273,104,377
2015-10-15,265,102,367
2015-10-16,277,112,389
2015-10-17,953,563,1516
2015-10-18,960,354,1314
2015-10-19,0,0,0
2015-10-20,1089,299,1388
2015-10-21,367,398,765
2015-10-22,315,411,726
2015-10-23,197,585,782
2015-10-24,458,544,1002
2015-10-25,368,307,675
2015-10-26,36,0,36
2015-10-27,1453,337,1790
2015-10-28,779,773,1552
2015-10-29,198,61,259
2015-10-30,160,211,371
2015-10-31,288,373,661
2015-11-01,227,236,463
2015-11-02,0,0,0
2015-11-03,786,156,942
2015-11-04,589,117,706
2015-11-05,168,141,309
2015-11-06,137,381,518
2015-11-07,361,392,753
2015-11-08,283,287,570
2015-11-09,0,0,0
2015-11-10,987,111,1098
2015-11-11,176,300,476
2015-11-12,249,52,301
2015-11-13,546,419,965
2015-11-14,314,440,754
2015-11-15,280,295,575
2015-11-16,0,0,0
2015-11-17,1197,62,1259
2015-11-18,313,82,395
2015-11-19,350,40,390
2015-11-20,484,137,621
2015-11-21,443,357,800
2015-11-22,320,420,740
2015-11-23,0,0,0
2015-11-24,750,308,1058
2015-11-25,1035,102,1137
2015-11-26,85,356,441
2015-11-27,393,159,552
2015-11-28,404,435,839
2015-11-29,195,186,381
2015-11-30,0,0,0
2015-12-01,967,444,1411
2015-12-02,141,59,200
2015-12-03,268,947,1215
2015-12-04,83,1318,1401
2015-12-05,468,396,864
2015-12-06,301,281,582
2015-12-07,246,0,246
2015-12-08,679,1189,1868
2015-12-09,266,801,1067
2015-12-10,646,995,1641
2015-12-11,385,430,815
2015-12-12,666,716,1382
2015-12-13,488,492,980
2015-12-14,0,0,0
2015-12-15,1068,741,1809
2015-12-16,324,294,618
2015-12-17,348,593,941
2015-12-18,211,384,595
2015-12-19,468,385,853
2015-12-20,359,366,725
2015-12-21,0,0,0
2015-12-22,1094,982,2076
2015-12-23,381,200,581
2015-12-24,225,539,764
2015-12-25,407,278,685
2015-12-26,619,694,1313
2015-12-27,404,391,795
2015-12-28,0,0,0
2015-12-29,374,256,630
2015-12-30,894,349,1243
2015-12-31,215,161,376
2016-01-01,0,0,0
2016-01-02,664,577,1241
2016-01-03,419,391,810
2016-01-04,0,0,0
2016-01-05,1075,305,1380
2016-01-06,393,333,726
2016-01-07,399,293,692
2016-01-08,403,442,845
2016-01-09,558,674,1232
2016-01-10,525,621,1146
2016-01-11,0,0,0
2016-01-12,1153,438,1591
2016-01-13,308,646,954
2016-01-14,461,285,746
2016-01-15,437,501,938
2016-01-16,542,404,946
2016-01-17,528,446,974
2016-01-18,250,0,250
2016-01-19,480,158,638
2016-01-20,468,128,596
2016-01-21,431,248,679
2016-01-22,380,316,696
2016-01-23,533,605,1138
2016-01-24,625,641,1266
2016-01-25,0,0,0
2016-01-26,577,112,689
2016-01-27,442,248,690
2016-01-28,261,259,520
2016-01-29,215,289,504
2016-01-30,400,304,704
2016-01-31,354,307,661
2016-02-01,0,0,0
2016-02-02,517,148,665
2016-02-03,83,205,288
2016-02-04,353,98,451
2016-02-05,53,97,150
2016-02-06,575,628,1203
2016-02-07,440,529,969
2016-02-08,378,353,731
2016-02-09,509,394,903
2016-02-10,337,306,643
2016-02-11,75,116,191
2016-02-12,277,88,365
2016-02-13,285,326,611
2016-02-14,234,219,453
2016-02-15,0,0,0
2016-02-16,832,55,887
2016-02-17,244,171,415
2016-02-18,169,160,329
2016-02-19,286,207,493
2016-02-20,366,357,723
2016-02-21,332,315,647
2016-02-22,0,0,0
2016-02-23,1210,269,1479
2016-02-24,375,95,470
2016-02-25,267,207,474
2016-02-26,231,101,332
2016-02-27,272,361,633
2016-02-28,297,298,595
2016-02-29,0,0,0
2016-03-01,278,252,530
2016-03-02,132,42,174
2016-03-03,201,34,235
2016-03-04,335,39,374
2016-03-05,264,261,525
2016-03-06,347,288,635
2016-03-07,112,0,112
2016-03-08,1058,17,1075
2016-03-09,304,18,322
2016-03-10,287,21,308
2016-03-11,330,123,453
2016-03-12,675,541,1216
2016-03-13,718,519,1237
2016-03-14,0,0,0
2016-03-15,773,57,830
2016-03-16,166,23,189
2016-03-17,160,54,214
2016-03-18,362,75,437
2016-03-19,447,226,673
2016-03-20,345,304,649
2016-03-21,0,0,0
2016-03-22,717,83,800
2016-03-23,321,27,348
2016-03-24,146,42,188
2016-03-25,198,77,275
2016-03-26,524,483,1007
2016-03-27,308,274,582
2016-03-28,0,0,0
2016-03-29,873,35,908
2016-03-30,627,82,709
2016-03-31,289,59,348
2016-04-01,302,48,350
2016-04-02,635,482,1117
2016-04-03,390,313,703
2016-04-04,0,0,0
2016-04-05,1180,21,1201
2016-04-06,365,84,449
2016-04-07,432,45,477
2016-04-08,475,61,536
2016-04-09,579,899,1478
2016-04-10,225,155,380
2016-04-11,0,0,0
2016-04-12,190,24,214
2016-04-13,256,189,445
2016-04-14,182,44,226
2016-04-15,236,62,298
2016-04-16,285,296,581
2016-04-17,285,254,539
2016-04-18,0,0,0
2016-04-19,1335,49,1384
2016-04-20,95,124,219
2016-04-21,195,7,202
2016-04-22,149,41,190
2016-04-23,301,406,707
2016-04-24,319,244,563
2016-04-25,0,0,0
2016-04-26,1526,88,1614
2016-04-27,757,101,858
2016-04-28,396,99,495
2016-04-29,431,27,458
2016-04-30,410,277,687
2016-05-01,360,381,741
2016-05-02,0,0,0
2016-05-03,214,498,712
2016-05-04,210,240,450
2016-05-05,965,1632,2597
2016-05-06,540,491,1031
2016-05-07,308,260,568
2016-05-08,220,187,407
2016-05-09,0,0,0
2016-05-10,480,266,746
2016-05-11,389,517,906
2016-05-12,263,71,334
2016-05-13,225,340,565
2016-05-14,249,317,566
2016-05-15,347,424,771
2016-05-16,0,0,0
2016-05-17,609,57,666
2016-05-18,131,86,217
2016-05-19,379,163,542
2016-05-20,896,556,1452
2016-05-21,521,870,1391
2016-05-22,411,601,1012
2016-05-23,0,0,0
2016-05-24,168,42,210
2016-05-25,889,102,991
2016-05-26,560,104,664
2016-05-27,185,277,462
2016-05-28,533,611,1144
2016-05-29,299,448,747
2016-05-30,0,0,0
2016-05-31,736,97,833
2016-06-01,211,647,858
2016-06-02,427,94,521
2016-06-03,304,31,335
2016-06-04,333,324,657
2016-06-05,332,369,701
2016-06-06,222,265,487
2016-06-07,649,42,691
2016-06-08,275,238,513
2016-06-09,615,42,657
2016-06-10,313,121,434
2016-06-11,957,494,1451
2016-06-12,291,404,695
2016-06-13,0,0,0
2016-06-14,390,55,445
2016-06-15,498,71,569
2016-06-16,520,41,561
2016-06-17,551,92,643
2016-06-18,348,312,660
2016-06-19,333,415,748
2016-06-20,794,792,1586
2016-06-21,434,90,524
2016-06-22,395,33,428
2016-06-23,230,40,270
2016-06-24,103,67,170
2016-06-25,296,433,729
2016-06-26,210,256,466
2016-06-27,0,0,0
2016-06-28,771,87,858
2016-06-29,863,58,921
2016-06-30,539,146,685
2016-07-01,543,35,578
2016-07-02,463,317,780
2016-07-03,223,188,411
2016-07-04,0,0,0
2016-07-05,330,10,340
2016-07-06,232,87,319
2016-07-07,590,47,637
2016-07-08,373,251,624
2016-07-09,258,352,610
2016-07-10,201,199,400
2016-07-11,0,0,0
2016-07-12,682,175,857
2016-07-13,737,39,776
2016-07-14,412,47,459
2016-07-15,354,550,904
2016-07-16,292,275,567
2016-07-17,228,169,397
2016-07-18,0,0,0
2016-07-19,771,144,915
2016-07-20,241,29,270
2016-07-21,573,111,684
2016-07-22,458,338,796
2016-07-23,360,386,746
2016-07-24,333,333,666
2016-07-25,0,0,0
2016-07-26,537,185,722
2016-07-27,1079,379,1458
2016-07-28,544,193,737
2016-07-29,252,267,519
2016-07-30,275,221,496
2016-07-31,241,214,455
2016-08-01,110,0,110
2016-08-02,1233,275,1508
2016-08-03,419,324,743
2016-08-04,595,254,849
2016-08-05,514,283,797
2016-08-06,460,406,866
2016-08-07,500,447,947
2016-08-08,0,0,0
2016-08-09,1051,249,1300
2016-08-10,360,209,569
2016-08-11,331,149,480
2016-08-12,364,269,633
2016-08-13,711,977,1688
2016-08-14,567,449,1016
2016-08-15,414,404,818
2016-08-16,42,50,92
2016-08-17,210,190,400
2016-08-18,348,157,505
2016-08-19,222,121,343
2016-08-20,527,878,1405
2016-08-21,592,485,1077
2016-08-22,0,0,0
2016-08-23,871,112,983
2016-08-24,221,102,323
2016-08-25,150,97,247
2016-08-26,165,170,335
2016-08-27,446,708,1154
2016-08-28,369,312,681
2016-08-29,0,0,0
2016-08-30,701,95,796
2016-08-31,410,989,1399
2016-09-01,376,212,588
2016-09-02,103,237,340
2016-09-03,274,335,609
2016-09-04,301,326,627
2016-09-05,0,0,0
2016-09-06,578,432,1010
2016-09-07,155,493,648
2016-09-08,313,457,770
2016-09-09,337,564,901
2016-09-10,748,680,1428
2016-09-11,269,300,569
2016-09-12,0,0,0
2016-09-13,216,580,796
2016-09-14,236,286,522
2016-09-15,775,663,1438
2016-09-16,904,622,1526
2016-09-17,512,529,1041
2016-09-18,330,412,742
2016-09-19,0,0,0
2016-09-20,662,282,944
2016-09-21,369,567,936
2016-09-22,318,465,783
2016-09-23,516,534,1050
2016-09-24,601,586,1187
2016-09-25,213,229,442
2016-09-26,0,0,0
2016-09-27,933,293,1226
2016-09-28,656,357,1013
2016-09-29,546,335,881
2016-09-30,369,526,895
2016-10-01,655,371,1026
2016-10-02,810,496,1306
2016-10-03,341,356,697
2016-10-04,406,60,466
2016-10-05,207,63,270
2016-10-06,334,173,507
2016-10-07,220,362,582
2016-10-08,435,403,838
2016-10-09,228,171,399
2016-10-10,0,0,0
2016-10-11,484,15,499
2016-10-12,366,59,425
2016-10-13,295,230,525
2016-10-14,216,784,1000
2016-10-15,1020,297,1317
2016-10-16,598,215,813
2016-10-17,0,0,0
2016-10-18,398,256,654
2016-10-19,180,98,278
2016-10-20,349,169,518
2016-10-21,200,312,512
2016-10-22,669,465,1134
2016-10-23,361,361,722
2016-10-24,0,0,0
2016-10-25,568,226,794
2016-10-26,724,917,1641
2016-10-27,426,471,897
2016-10-28,125,266,391
2016-10-29,317,429,746
2016-10-30,243,314,557
2016-10-31,0,0,0
2016-11-01,846,108,954
2016-11-02,192,15,207
2016-11-03,128,238,366
2016-11-04,96,222,318
2016-11-05,465,303,768
2016-11-06,276,244,520
2016-11-07,0,0,0
2016-11-08,920,159,1079
2016-11-09,235,39,274
2016-11-10,415,11,426
2016-11-11,490,237,727
2016-11-12,578,484,1062
2016-11-13,233,256,489
2016-11-14,610,0,610
2016-11-15,962,59,1021
2016-11-16,455,15,470
2016-11-17,717,527,1244
2016-11-18,642,394,1036
2016-11-19,749,459,1208
2016-11-20,284,182,466
2016-11-21,0,0,0
2016-11-22,299,147,446
2016-11-23,108,894,1002
2016-11-24,131,735,866
2016-11-25,101,589,690
2016-11-26,431,463,894
2016-11-27,271,254,525
2016-11-28,220,0,220
2016-11-29,632,977,1609
2016-11-30,816,16,832
2016-12-01,318,985,1303
2016-12-02,96,964,1060
2016-12-03,384,308,692
2016-12-04,256,313,569
2016-12-05,550,0,550
2016-12-06,986,684,1670
2016-12-07,715,369,1084
2016-12-08,137,578,715
2016-12-09,173,854,1027
2016-12-10,1168,1241,2409
2016-12-11,373,365,738
2016-12-12,195,0,195
2016-12-13,501,1079,1580
2016-12-14,90,793,883
2016-12-15,583,500,1083
2016-12-16,213,673,886
2016-12-17,374,319,693
2016-12-18,290,278,568
2016-12-19,735,0,735
2016-12-20,621,382,1003
2016-12-21,225,30,255
2016-12-22,693,587,1280
2016-12-23,94,37,131
2016-12-24,354,302,656
2016-12-25,231,253,484
2016-12-26,0,0,0
2016-12-27,482,261,743
2016-12-28,747,182,929
2016-12-29,409,182,591
2016-12-30,625,110,735
2016-12-31,422,355,777
2017-01-01,0,0,0
2017-01-02,210,0,210
2017-01-03,357,71,428
2017-01-04,152,118,270
2017-01-05,170,183,353
2017-01-06,402,362,764
2017-01-07,425,379,804
2017-01-08,417,307,724
2017-01-09,540,0,540
2017-01-10,981,281,1262
2017-01-11,337,95,432
2017-01-12,286,226,512
2017-01-13,213,262,475
2017-01-14,496,698,1194
2017-01-15,263,265,528
2017-01-16,190,0,190
2017-01-17,317,68,385
2017-01-18,157,135,292
2017-01-19,178,307,485
2017-01-20,193,308,501
2017-01-21,190,189,379
2017-01-22,213,242,455
2017-01-23,0,0,0
2017-01-24,512,198,710
2017-01-25,549,326,875
2017-01-26,75,127,202
2017-01-27,341,370,711
2017-01-28,0,0,0
2017-01-29,394,372,766
2017-01-30,292,301,593
2017-01-31,430,0,430
2017-02-01,239,45,284
2017-02-02,228,129,357
2017-02-03,89,85,174
2017-02-04,238,203,441
2017-02-05,236,282,518
2017-02-06,880,0,880
2017-02-07,621,24,645
2017-02-08,54,19,73
2017-02-09,412,85,497
2017-02-10,81,104,185
2017-02-11,282,382,664
2017-02-12,150,170,320
2017-02-13,490,0,490
2017-02-14,823,72,895
2017-02-15,145,155,300
2017-02-16,247,105,352
2017-02-17,55,56,111
2017-02-18,244,170,414
2017-02-19,89,109,198
2017-02-20,180,0,180
2017-02-21,650,144,794
2017-02-22,298,132,430
2017-02-23,140,94,234
2017-02-24,166,15,181
2017-02-25,260,209,469
2017-02-26,111,121,232
2017-02-27,0,0,0
2017-02-28,706,40,746
2017-03-01,84,98,182
2017-03-02,10,17,27
2017-03-03,147,7,154
2017-03-04,33,33,66
2017-03-05,102,78,180
2017-03-06,220,0,220
2017-03-07,193,3,196
2017-03-08,127,6,133
2017-03-09,3,3,6
2017-03-10,128,102,230
2017-03-11,110,246,356
2017-03-12,90,115,205
2017-03-13,180,0,180
2017-03-14,1143,5,1148
2017-03-15,51,40,91
2017-03-16,10,30,40
2017-03-17,4,3,7
2017-03-18,77,89,166
2017-03-19,71,89,160
2017-03-20,220,0,220
2017-03-21,169,26,195
2017-03-22,10,47,57
2017-03-23,158,13,171
2017-03-24,8,38,46
2017-03-25,104,222,326
2017-03-26,94,121,215
2017-03-27,285,0,285
2017-03-28,315,25,340
2017-03-29,487,233,720
2017-03-30,149,44,193
2017-03-31,169,9,178
2017-04-01,562,384,946
2017-04-02,281,272,553
2017-04-03,440,0,440
2017-04-04,309,76,385
2017-04-05,185,17,202
2017-04-06,178,34,212
2017-04-07,199,21,220
2017-04-08,251,314,565
2017-04-09,175,166,341
2017-04-10,220,0,220
2017-04-11,575,238,813
2017-04-12,237,5,242
2017-04-13,157,18,175
2017-04-14,58,35,93
2017-04-15,152,254,406
2017-04-16,137,138,275
2017-04-17,430,0,430
2017-04-18,395,21,416
2017-04-19,274,51,325
2017-04-20,252,138,390
2017-04-21,44,17,61
2017-04-22,261,250,511
2017-04-23,128,196,324
2017-04-24,421,11,432
2017-04-25,914,461,1375
2017-04-26,424,44,468
2017-04-27,263,203,466
2017-04-28,110,98,208
2017-04-29,148,210,358
2017-04-30,165,130,295
2017-05-01,0,0,0
2017-05-02,575,19,594
2017-05-03,226,217,443
2017-05-04,137,160,297
2017-05-05,742,1016,1758
2017-05-06,329,321,650
2017-05-07,137,145,282
2017-05-08,0,0,0
2017-05-09,167,163,330
2017-05-10,152,109,261
2017-05-11,164,86,250
2017-05-12,381,7,388
2017-05-13,152,302,454
2017-05-14,132,114,246
2017-05-15,410,0,410
2017-05-16,803,78,881
2017-05-17,271,104,375
2017-05-18,1865,1557,3422
2017-05-19,1561,2529,4090
2017-05-20,2308,3703,6011
2017-05-21,122,117,239
2017-05-22,259,16,275
2017-05-23,516,34,550
2017-05-24,141,98,239
2017-05-25,314,108,422
2017-05-26,132,87,219
2017-05-27,252,184,436
2017-05-28,118,152,270
2017-05-29,190,0,190
2017-05-30,611,35,646
2017-05-31,663,121,784
2017-06-01,369,16,385
2017-06-02,114,27,141
2017-06-03,134,126,260
2017-06-04,175,151,326
2017-06-05,590,0,590
2017-06-06,245,229,474
2017-06-07,454,6,460
2017-06-08,222,18,240
2017-06-09,69,27,96
2017-06-10,198,268,466
2017-06-11,144,167,311
2017-06-12,140,0,140
2017-06-13,576,72,648
2017-06-14,301,111,412
2017-06-15,250,75,325
2017-06-16,119,443,562
2017-06-17,302,285,587
2017-06-18,157,171,328
2017-06-19,470,0,470
2017-06-20,526,44,570
2017-06-21,260,116,376
2017-06-22,239,43,282
2017-06-23,189,11,200
2017-06-24,180,248,428
2017-06-25,220,197,417
2017-06-26,148,20,168
2017-06-27,783,34,817
2017-06-28,608,103,711
2017-06-29,401,45,446
2017-06-30,306,137,443
2017-07-01,171,206,377
2017-07-02,190,169,359
2017-07-03,0,0,0
2017-07-04,431,233,664
2017-07-05,56,9,65
2017-07-06,322,95,417
2017-07-07,62,14,76
2017-07-08,207,161,368
2017-07-09,197,138,335
2017-07-10,141,0,141
2017-07-11,414,42,456
2017-07-12,205,101,306
2017-07-13,278,64,342
2017-07-14,187,37,224
2017-07-15,215,223,438
2017-07-16,248,154,402
2017-07-17,386,27,413
2017-07-18,645,24,669
2017-07-19,278,57,335
2017-07-20,300,37,337
2017-07-21,490,154,644
2017-07-22,521,420,941
2017-07-23,208,148,356
2017-07-24,120,0,120
2017-07-25,499,55,554
2017-07-26,490,167,657
2017-07-27,347,79,426
2017-07-28,207,150,357
2017-07-29,292,205,497
2017-07-30,288,224,512
2017-07-31,160,0,160
2017-08-01,338,161,499
2017-08-02,202,149,351
2017-08-03,213,190,403
2017-08-04,256,193,449
2017-08-05,270,166,436
2017-08-06,220,177,397
2017-08-07,400,0,400
2017-08-08,533,107,640
2017-08-09,227,103,330
2017-08-10,323,95,418
2017-08-11,172,63,235
2017-08-12,323,382,705
2017-08-13,230,201,431
2017-08-14,527,0,527
2017-08-15,419,229,648
2017-08-16,82,97,179
2017-08-17,256,102,358
2017-08-18,114,148,262
2017-08-19,196,272,468
2017-08-20,209,191,400
2017-08-21,430,0,430
2017-08-22,595,56,651
2017-08-23,140,114,254
2017-08-24,254,27,281
2017-08-25,222,29,251
2017-08-26,177,236,413
2017-08-27,131,131,262
2017-08-28,461,0,461
2017-08-29,229,134,363
2017-08-30,728,265,993
2017-08-31,153,118,271
2017-09-01,40,56,96
2017-09-02,478,332,810
2017-09-03,146,134,280
2017-09-04,0,0,0
2017-09-05,654,153,807
2017-09-06,191,295,486
2017-09-07,281,157,438
2017-09-08,174,164,338
2017-09-09,456,556,1012
2017-09-10,131,147,278
2017-09-11,152,0,152
2017-09-12,405,258,663
2017-09-13,439,411,850
2017-09-14,305,362,667
2017-09-15,287,264,551
2017-09-16,239,157,396
2017-09-17,151,137,288
2017-09-18,100,0,100
2017-09-19,513,298,811
2017-09-20,313,198,511
2017-09-21,254,155,409
2017-09-22,276,308,584
2017-09-23,190,269,459
2017-09-24,109,112,221
2017-09-25,485,18,503
2017-09-26,614,407,1021
2017-09-27,609,157,766
2017-09-28,374,79,453
2017-09-29,84,152,236
2017-09-30,191,167,358
2017-10-01,343,339,682
2017-10-02,158,204,362
2017-10-03,242,339,581
2017-10-04,0,0,0
2017-10-05,298,300,598
2017-10-06,342,388,730
2017-10-07,234,198,432
2017-10-08,129,143,272
2017-10-09,137,211,348
2017-10-10,360,0,360
2017-10-11,98,50,148
2017-10-12,128,28,156
2017-10-13,216,4,220
2017-10-14,280,156,436
2017-10-15,35,64,99
2017-10-16,500,0,500
2017-10-17,206,25,231
2017-10-18,59,20,79
2017-10-19,191,69,260
2017-10-20,73,30,103
2017-10-21,143,53,196
2017-10-22,44,54,98
2017-10-23,320,0,320
2017-10-24,667,19,686
2017-10-25,236,23,259
2017-10-26,264,34,298
2017-10-27,56,29,85
2017-10-28,139,162,301
2017-10-29,79,103,182
2017-10-30,541,0,541
2017-10-31,348,296,644
2017-11-01,273,46,319
2017-11-02,333,522,855
2017-11-03,245,138,383
2017-11-04,514,374,888
2017-11-05,325,276,601
2017-11-06,0,0,0
2017-11-07,328,110,438
2017-11-08,258,212,470
2017-11-09,282,186,468
2017-11-10,174,73,247
2017-11-11,367,305,672
2017-11-12,320,274,594
2017-11-13,390,0,390
2017-11-14,817,86,903
2017-11-15,337,110,447
2017-11-16,138,213,351
2017-11-17,445,142,587
2017-11-18,644,374,1018
2017-11-19,240,195,435
2017-11-20,0,0,0
2017-11-21,257,265,522
2017-11-22,168,117,285
2017-11-23,227,300,527
2017-11-24,131,632,763
2017-11-25,552,435,987
2017-11-26,227,166,393
2017-11-27,0,0,0
2017-11-28,446,162,608
2017-11-29,536,236,772
2017-11-30,153,161,314
2017-12-01,139,63,202
2017-12-02,543,317,860
2017-12-03,383,414,797
2017-12-04,360,0,360
2017-12-05,864,457,1321
2017-12-06,1104,97,1201
2017-12-07,558,98,656
2017-12-08,589,422,1011
2017-12-09,395,421,816
2017-12-10,245,177,422
2017-12-11,525,0,525
2017-12-12,761,242,1003
2017-12-13,263,291,554
2017-12-14,612,1704,2316
2017-12-15,155,1291,1446
2017-12-16,610,411,1021
2017-12-17,390,250,640
2017-12-18,0,0,0
2017-12-19,136,650,786
2017-12-20,144,917,1061
2017-12-21,54,905,959
2017-12-22,247,202,449
2017-12-23,251,225,476
2017-12-24,306,212,518
2017-12-25,216,220,436
2017-12-26,500,0,500
2017-12-27,593,97,690
2017-12-28,224,308,532
2017-12-29,89,75,164
2017-12-30,274,249,523
2017-12-31,386,306,692
2018-01-01,0,0,0
2018-01-02,176,132,308
2018-01-03,231,77,308
2018-01-04,168,176,344
2018-01-05,214,234,448
2018-01-06,256,180,436
2018-01-07,215,224,439
2018-01-08,0,0,0
2018-01-09,319,208,527
2018-01-10,324,147,471
2018-01-11,298,122,420
2018-01-12,240,211,451
2018-01-13,411,468,879
2018-01-14,304,238,542
2018-01-15,280,0,280
2018-01-16,148,265,413
2018-01-17,173,101,274
2018-01-18,292,345,637
2018-01-19,254,266,520
2018-01-20,271,232,503
2018-01-21,295,204,499
2018-01-22,0,0,0
2018-01-23,299,253,552
2018-01-24,372,129,501
2018-01-25,76,154,230
2018-01-26,205,464,669
2018-01-27,285,278,563
2018-01-28,215,189,404
2018-01-29,0,0,0
2018-01-30,469,102,571
2018-01-31,368,214,582
2018-02-01,210,302,512
2018-02-02,232,439,671
2018-02-03,328,224,552
2018-02-04,397,341,738
2018-02-05,170,0,170
2018-02-06,447,30,477
2018-02-07,348,82,430
2018-02-08,147,77,224
2018-02-09,235,264,499
2018-02-10,459,550,1009
2018-02-11,470,380,850
2018-02-12,118,51,169
2018-02-13,435,203,638
2018-02-14,289,109,398
2018-02-15,853,727,1580
2018-02-16,152,65,217
2018-02-17,1095,852,1947
2018-02-18,592,443,1035
2018-02-19,419,75,494
2018-02-20,402,257,659
2018-02-21,489,195,684
2018-02-22,545,494,1039
2018-02-23,330,342,672
2018-02-24,595,457,1052
2018-02-25,364,293,657
2018-02-26,342,0,342
2018-02-27,762,178,940
2018-02-28,437,175,612
2018-03-01,460,352,812
2018-03-02,637,76,713
2018-03-03,451,311,762
2018-03-04,324,180,504
2018-03-05,0,0,0
2018-03-06,432,20,452
2018-03-07,315,20,335
2018-03-08,331,32,363
2018-03-09,218,19,237
2018-03-10,760,640,1400
2018-03-11,751,565,1316
2018-03-12,90,10,100
2018-03-13,594,32,626
2018-03-14,449,166,615
2018-03-15,524,132,656
2018-03-16,386,159,545
2018-03-17,515,430,945
2018-03-18,224,210,434
2018-03-19,320,0,320
2018-03-20,559,73,632
2018-03-21,328,26,354
2018-03-22,272,5,277
2018-03-23,238,61,299
2018-03-24,308,431,739
2018-03-25,258,218,476
2018-03-26,0,0,0
2018-03-27,568,162,730
2018-03-28,589,94,683
2018-03-29,135,135,270
2018-03-30,100,133,233
2018-03-31,204,178,382
2018-04-01,182,151,333
2018-04-02,0,0,0
2018-04-03,323,7,330
2018-04-04,675,14,689
2018-04-05,1123,11,1134
2018-04-06,421,16,437
2018-04-07,513,435,948
2018-04-08,355,303,658
2018-04-09,0,0,0
2018-04-10,651,372,1023
2018-04-11,474,124,598
2018-04-12,479,6,485
2018-04-13,346,27,373
2018-04-14,694,619,1313
2018-04-15,346,287,633
2018-04-16,160,0,160
2018-04-17,771,19,790
2018-04-18,137,130,267
2018-04-19,733,30,763
2018-04-20,319,193,512
2018-04-21,495,472,967
2018-04-22,434,470,904
2018-04-23,300,16,316
2018-04-24,299,158,457
2018-04-25,627,158,785
2018-04-26,202,110,312
2018-04-27,2241,1264,3505
2018-04-28,3409,4987,8396
2018-04-29,4607,6158,10765
2018-04-30,0,0,0
2018-05-01,521,371,892
2018-05-02,256,329,585
2018-05-03,447,74,521
2018-05-04,168,50,218
2018-05-05,977,821,1798
2018-05-06,1056,635,1691
2018-05-07,187,91,278
2018-05-08,0,10,10
2018-05-09,234,5,239
2018-05-10,135,175,310
2018-05-11,530,490,1020
2018-05-12,484,360,844
2018-05-13,322,296,618
2018-05-14,32,13,45
2018-05-15,395,93,488
2018-05-16,386,304,690
2018-05-17,716,300,1016
2018-05-18,314,236,550
2018-05-19,269,303,572
2018-05-20,274,254,528
2018-05-21,0,0,0
2018-05-22,503,314,817
2018-05-23,340,19,359
2018-05-24,332,18,350
2018-05-25,258,19,277
2018-05-26,520,481,1001
2018-05-27,452,277,729
2018-05-28,320,13,333
2018-05-29,696,144,840
2018-05-30,820,102,922
2018-05-31,277,11,288
2018-06-01,235,399,634
2018-06-02,393,313,706
2018-06-03,217,180,397
2018-06-04,0,0,0
2018-06-05,171,40,211
2018-06-06,360,329,689
2018-06-07,323,42,365
2018-06-08,331,78,409
2018-06-09,558,542,1100
2018-06-10,295,329,624
2018-06-11,43,20,63
2018-06-12,502,93,595
2018-06-13,229,224,453
2018-06-14,221,48,269
2018-06-15,244,537,781
2018-06-16,235,240,475
2018-06-17,347,614,961
2018-06-18,260,0,260
2018-06-19,162,38,200
2018-06-20,337,37,374
2018-06-21,294,110,404
2018-06-22,328,388,716
2018-06-23,370,233,603
2018-06-24,173,115,288
2018-06-25,329,19,348
2018-06-26,266,102,368
2018-06-27,925,463,1388
2018-06-28,496,222,718
2018-06-29,98,243,341
2018-06-30,220,251,471
2018-07-01,312,160,472
2018-07-02,0,0,0
2018-07-03,245,816,1061
2018-07-04,165,8,173
2018-07-05,283,9,292
2018-07-06,64,120,184
2018-07-07,337,274,611
2018-07-08,179,92,271
2018-07-09,157,16,173
2018-07-10,283,16,299
2018-07-11,146,12,158
2018-07-12,478,20,498
2018-07-13,630,123,753
2018-07-14,725,474,1199
2018-07-15,331,247,578
2018-07-16,0,0,0
2018-07-17,192,73,265
2018-07-18,417,411,828
2018-07-19,394,390,784
2018-07-20,335,108,443
2018-07-21,298,289,587
2018-07-22,395,368,763
2018-07-23,41,17,58
2018-07-24,129,130,259
2018-07-25,849,250,1099
2018-07-26,239,108,347
2018-07-27,261,236,497
2018-07-28,789,671,1460
2018-07-29,476,375,851
2018-07-30,427,293,720
2018-07-31,250,0,250
2018-08-01,431,226,657
2018-08-02,345,234,579
2018-08-03,417,280,697
2018-08-04,658,378,1036
2018-08-05,360,307,667
2018-08-06,0,0,0
2018-08-07,206,169,375
2018-08-08,399,168,567
2018-08-09,136,168,304
2018-08-10,286,287,573
2018-08-11,699,607,1306
2018-08-12,382,363,745
2018-08-13,243,9,252
2018-08-14,442,63,505
2018-08-15,353,427,780
2018-08-16,358,99,457
2018-08-17,418,198,616
2018-08-18,277,235,512
2018-08-19,280,259,539
2018-08-20,0,0,0
2018-08-21,134,32,166
2018-08-22,195,41,236
2018-08-23,66,147,213
2018-08-24,539,660,1199
2018-08-25,205,335,540
2018-08-26,230,322,552
2018-08-27,160,17,177
2018-08-28,418,80,498
2018-08-29,914,307,1221
2018-08-30,284,154,438
2018-08-31,137,221,358
2018-09-01,771,798,1569
2018-09-02,311,216,527
2018-09-03,263,0,263
2018-09-04,440,733,1173
2018-09-05,226,243,469
2018-09-06,410,452,862
2018-09-07,612,367,979
2018-09-08,1042,977,2019
2018-09-09,546,353,899
2018-09-10,667,44,711
2018-09-11,423,493,916
2018-09-12,535,445,980
2018-09-13,613,589,1202
2018-09-14,308,491,799
2018-09-15,1336,890,2226
2018-09-16,489,230,719
2018-09-17,103,0,103
2018-09-18,161,415,576
2018-09-19,472,618,1090
2018-09-20,886,255,1141
2018-09-21,416,120,536
2018-09-22,480,572,1052
2018-09-23,576,549,1125
2018-09-24,0,0,0
2018-09-25,754,494,1248
2018-09-26,427,305,732
2018-09-27,354,227,581
2018-09-28,80,269,349
2018-09-29,543,305,848
2018-09-30,379,221,600
2018-10-01,74,0,74
2018-10-02,646,194,840
2018-10-03,308,295,603
2018-10-04,438,127,565
2018-10-05,261,322,583
2018-10-06,356,262,618
2018-10-07,321,218,539
2018-10-08,326,0,326
2018-10-09,587,339,926
2018-10-10,443,10,453
2018-10-11,499,484,983
2018-10-12,197,1208,1405
2018-10-13,1156,1123,2279
2018-10-14,367,268,635
2018-10-15,500,986,1486
2018-10-16,508,125,633
2018-10-17,335,335,670
2018-10-18,548,318,866
2018-10-19,449,655,1104
2018-10-20,1180,921,2101
2018-10-21,433,322,755
2018-10-22,0,0,0
2018-10-23,476,203,679
2018-10-24,271,278,549
2018-10-25,396,14,410
2018-10-26,308,122,430
2018-10-27,1045,1028,2073
2018-10-28,563,390,953
2018-10-29,0,0,0
2018-10-30,616,410,1026
2018-10-31,534,72,606
2018-11-01,259,119,378
2018-11-02,878,501,1379
2018-11-03,738,635,1373
2018-11-04,558,155,713
2018-11-05,15,0,15
2018-11-06,297,82,379
2018-11-07,660,330,990
2018-11-08,329,106,435
2018-11-09,436,204,640
2018-11-10,663,359,1022
2018-11-11,538,298,836
2018-11-12,0,0,0
2018-11-13,418,903,1321
2018-11-14,298,189,487
2018-11-15,369,203,572
2018-11-16,144,479,623
2018-11-17,568,334,902
2018-11-18,294,178,472
2018-11-19,265,0,265
2018-11-20,270,98,368
2018-11-21,488,14,502
2018-11-22,203,22,225
2018-11-23,135,36,171
2018-11-24,830,312,1142
2018-11-25,384,260,644
2018-11-26,250,0,250
2018-11-27,715,114,829
2018-11-28,470,15,485
2018-11-29,180,1415,1595
2018-11-30,186,800,986
2018-12-01,650,590,1240
2018-12-02,249,184,433
2018-12-03,0,0,0
2018-12-04,136,1014,1150
2018-12-05,691,47,738
2018-12-06,371,1211,1582
2018-12-07,372,1329,1701
2018-12-08,685,366,1051
2018-12-09,433,294,727
2018-12-10,270,0,270
2018-12-11,464,286,750
2018-12-12,602,420,1022
2018-12-13,142,673,815
2018-12-14,243,559,802
2018-12-15,407,446,853
2018-12-16,250,290,540
2018-12-17,20,0,20
2018-12-18,115,311,426
2018-12-19,354,288,642
2018-12-20,223,1372,1595
2018-12-21,428,1566,1994
2018-12-22,267,231,498
2018-12-23,423,243,666
2018-12-24,237,0,237
2018-12-25,610,663,1273
2018-12-26,502,232,734
2018-12-27,307,114,421
2018-12-28,225,134,359
2018-12-29,315,317,632
2018-12-30,488,500,988
2018-12-31,0,0,0
